initialFinish CUDelta[0] CUIdx[0] CUValid[0] CUDelta[1] CUIdx[1] CUValid[1] CUDelta[2] CUIdx[2] CUValid[2] CUDelta[3] CUIdx[3] CUValid[3] CUDelta[4] CUIdx[4] CUValid[4] CUDelta[5] CUIdx[5] CUValid[5] CUDelta[6] CUIdx[6] CUValid[6] CUDelta[7] CUIdx[7] CUValid[7] rowReady rowValid binIdx rowIdx rowDelta[0] rowDelta[1] rowDelta[2] rowDelta[3] rowDelta[4] rowDelta[5] rowDelta[6] rowDelta[7] CUReady[0] CUReady[1] CUReady[2] CUReady[3] CUReady[4] CUReady[5] CUReady[6] CUReady[7] PEReady[0] PEReady[1] PEReady[2] PEReady[3]
0 0000 00 0 0000 00 0 0000 00 0 0000 00 0 0000 00 0 0000 00 0 0000 00 0 0000 00 0 0 0 0 0 0000 0000 0000 0000 0000 0000 0000 0000 1 1 1 1 1 1 1 1 0 0 0 0 
0 38be 03 1 385c 4b 1 3626 d6 0 3bb6 99 0 3a7f a0 1 3b68 68 1 392f 33 1 3a3a f8 0 1 0 0 0 0000 0000 0000 0000 0000 0000 0000 0000 1 1 1 1 1 1 1 1 0 1 1 1 
0 3a3f 87 0 38a8 4f 0 382d 17 1 31f6 9f 0 388c 24 1 30ca 2c 1 3b8d 72 0 38e8 79 1 1 0 0 0 0000 0000 0000 0000 0000 0000 0000 0000 1 1 1 1 1 1 1 1 1 1 0 1 
0 3178 83 0 350c 4c 1 28eb d4 0 2e88 dc 1 3bf6 20 0 3776 ea 1 3568 75 0 306c 7b 0 1 0 0 0 0000 0000 0000 0000 0000 0000 0000 0000 1 1 1 1 1 1 1 1 1 0 0 1 
0 3ab4 80 1 3b07 8d 0 38d7 57 0 3711 da 1 34bd a1 0 3b0b ab 1 398a f4 1 3812 b9 0 1 0 0 0 0000 0000 0000 0000 0000 0000 0000 0000 1 1 1 1 1 1 1 1 0 0 0 1 
0 20ca 83 0 39bb 0e 1 365d d0 0 3aa2 98 1 388f a2 1 3bb3 28 1 3656 b2 0 3323 3d 0 0 0 0 0 0000 0000 0000 0000 0000 0000 0000 0000 1 1 1 1 1 1 1 1 0 1 1 1 
0 34c2 41 1 3967 08 1 3b0e 50 0 3947 5d 1 3927 24 1 3799 ad 1 3948 30 1 39fe 3e 1 1 0 0 0 0000 0000 0000 0000 0000 0000 0000 0000 1 1 1 1 1 1 1 1 0 1 1 1 
0 386a 84 0 3938 ca 1 3085 16 1 3b23 5d 1 372b e0 0 39b7 ed 1 3b3d 32 1 38ed fd 1 0 0 0 0 0000 0000 0000 0000 0000 0000 0000 0000 1 1 1 1 1 1 1 1 0 1 1 1 
0 3684 41 1 35f9 8a 0 3aee d1 0 3362 df 1 39d7 22 0 37d5 68 1 24be f2 1 3aff b8 0 0 0 0 0 0000 0000 0000 0000 0000 0000 0000 0000 1 1 1 1 1 1 1 1 1 1 1 0 
0 3800 c0 0 339d 4b 1 396f 96 1 39d7 99 1 32cc a5 1 3b8e 6d 0 3bc3 77 1 2b6d b9 0 1 0 0 0 0000 0000 0000 0000 0000 0000 0000 0000 1 1 1 1 1 1 1 1 0 0 1 1 
0 31bf 46 1 39f3 88 1 384b d1 1 3783 9f 0 3437 a0 0 3b0d e8 0 38b5 f6 1 03a1 3f 1 1 0 0 0 0000 0000 0000 0000 0000 0000 0000 0000 1 1 1 1 1 1 1 1 0 1 0 0 
0 374c c4 0 3b94 8e 0 3505 94 0 2692 df 0 39d8 60 0 3471 6b 0 39fa 72 0 303a 7b 1 1 0 0 0 0000 0000 0000 0000 0000 0000 0000 0000 1 1 1 1 1 1 1 1 1 0 1 0 
0 30a3 42 1 39c7 0a 1 39fd 92 1 39fe d8 0 3bb2 a1 0 396b 69 0 3b70 35 0 3be0 3e 0 1 0 0 0 0000 0000 0000 0000 0000 0000 0000 0000 1 1 1 1 1 1 1 1 1 0 1 0 
0 3a4d 01 0 3bb1 0a 1 37e0 14 0 390b 9e 1 3ac2 61 1 22c7 6b 1 3a3e b6 1 37f5 7e 0 1 0 0 0 0000 0000 0000 0000 0000 0000 0000 0000 1 1 1 1 1 1 1 1 0 0 1 0 
0 3213 c6 0 3bd8 0c 0 3bc9 95 0 3695 df 1 2d31 64 1 3b69 ec 0 39ce b1 1 34e0 3a 1 1 0 0 0 0000 0000 0000 0000 0000 0000 0000 0000 1 1 1 1 1 1 1 1 0 1 0 0 
0 36ea 46 1 3ae2 0c 1 3419 90 0 34d3 5d 1 3832 66 0 3489 eb 1 3813 f6 0 3993 f8 1 1 0 0 0 0000 0000 0000 0000 0000 0000 0000 0000 1 1 1 1 1 1 1 1 1 0 1 1 
0 38b3 44 0 3045 08 1 29b6 93 0 3783 1b 0 389f e6 1 379b 6a 1 3815 75 1 3932 bc 1 1 0 0 0 0000 0000 0000 0000 0000 0000 0000 0000 1 1 1 1 1 1 1 1 1 1 0 1 
0 3024 42 1 3750 ca 1 3a67 d2 0 3b3b da 0 38a4 a0 1 3917 a8 0 2100 77 0 3755 7e 1 1 0 0 0 0000 0000 0000 0000 0000 0000 0000 0000 1 1 1 1 1 1 1 1 0 1 1 0 
0 389b 41 0 3bf0 8d 1 3908 d5 0 3b7e 5a 1 3acb 60 0 2faa 6a 0 242e 30 1 384a 3a 1 1 0 0 0 0000 0000 0000 0000 0000 0000 0000 0000 1 1 1 1 1 1 1 1 0 0 1 1 
0 2b2a 84 0 38ea 8a 0 381b 53 1 3408 1e 1 3a2b e1 1 2f64 a8 0 35fd 75 0 3137 bf 1 1 0 0 0 0000 0000 0000 0000 0000 0000 0000 0000 1 1 1 1 1 1 1 1 1 1 0 0 
0 3a44 c6 0 3978 cd 1 3954 93 0 37f6 d9 1 39a7 a5 0 3bc0 6f 0 29e4 70 0 3b80 f8 1 0 0 0 0 0000 0000 0000 0000 0000 0000 0000 0000 1 1 1 1 1 1 1 1 1 0 1 1 
0 2fbf 80 0 2ec7 4d 0 35bb 90 0 39d8 19 0 3040 21 0 39fe a9 0 3808 f0 0 3ab7 78 1 0 0 0 0 0000 0000 0000 0000 0000 0000 0000 0000 1 1 1 1 1 1 1 1 1 1 1 0 
0 3af0 43 0 264d 4f 0 3bf5 94 0 38e5 1a 0 36ae 24 1 2e67 6c 0 3bbe b4 0 30c0 f8 0 1 0 0 0 0000 0000 0000 0000 0000 0000 0000 0000 1 1 1 1 1 1 1 1 0 1 1 0 
0 345e 06 0 33f3 48 1 3472 10 0 3a01 dd 0 3bbd e6 1 340f ab 0 381a b4 1 3972 3d 1 0 0 0 0 0000 0000 0000 0000 0000 0000 0000 0000 1 1 1 1 1 1 1 1 1 0 1 0 
0 3969 05 0 30bf 8d 0 39af d2 1 2647 9b 0 2dba 63 0 36cf 6b 1 3477 b4 1 2e5d 3a 1 1 0 0 0 0000 0000 0000 0000 0000 0000 0000 0000 1 1 1 1 1 1 1 1 0 0 0 1 
0 3344 00 0 38b6 4f 1 3957 d1 1 3814 18 0 3b5b 60 1 3829 ab 1 3760 f4 1 38fd b9 1 0 0 0 0 0000 0000 0000 0000 0000 0000 0000 0000 1 1 1 1 1 1 1 1 0 1 0 0 
0 3af9 c7 0 3856 4b 0 3aa4 14 1 2f6e 98 0 363a 61 0 3b40 ae 1 3724 37 0 30ab bf 1 0 0 0 0 0000 0000 0000 0000 0000 0000 0000 0000 1 1 1 1 1 1 1 1 0 0 0 0 
0 3b07 c2 1 2bd1 ce 0 36f5 53 1 383b 1d 0 1a59 63 1 360d 6d 0 3950 75 1 2c0c 38 0 0 0 0 0 0000 0000 0000 0000 0000 0000 0000 0000 1 1 1 1 1 1 1 1 1 1 0 0 
0 381e c3 0 38bd 8d 1 3045 53 0 3938 9d 1 365b 66 0 372c ed 0 3a81 30 1 3ba8 fa 1 1 0 0 0 0000 0000 0000 0000 0000 0000 0000 0000 1 1 1 1 1 1 1 1 0 0 1 1 
0 258d 40 0 382d 4e 1 36ef 53 1 38b8 da 0 2ab9 a0 0 3666 6e 0 3a1f 76 0 3ae6 7b 0 1 0 0 0 0000 0000 0000 0000 0000 0000 0000 0000 1 1 1 1 1 1 1 1 1 0 1 0 
0 3169 02 1 3456 48 0 3750 d5 1 2e66 5a 0 3457 64 0 2b89 6d 1 39b6 f4 0 25a0 fa 1 0 0 0 0 0000 0000 0000 0000 0000 0000 0000 0000 1 1 1 1 1 1 1 1 1 0 1 1 
0 3960 c5 0 2f12 4e 1 3480 93 0 39e6 5a 1 2d74 e6 1 3bac af 1 3b21 f5 1 3678 fd 0 1 0 0 0 0000 0000 0000 0000 0000 0000 0000 0000 1 1 1 1 1 1 1 1 0 1 0 0 
0 3825 c6 1 3911 ce 0 2d76 d5 1 2663 d9 1 2c33 e7 1 2b0e ad 0 374d 31 0 39b4 3d 1 1 0 0 0 0000 0000 0000 0000 0000 0000 0000 0000 1 1 1 1 1 1 1 1 1 1 1 0 
0 3637 02 1 3b2a 4c 1 3957 d2 1 3a13 98 1 3924 64 0 342d 6a 1 381d f4 1 2f83 7f 1 1 0 0 0 0000 0000 0000 0000 0000 0000 0000 0000 1 1 1 1 1 1 1 1 1 1 1 0 
0 31b7 01 0 397e 8b 0 3bbb 90 1 3ab1 99 0 382b 27 1 2836 a8 0 33ed b6 0 3926 3b 1 1 0 0 0 0000 0000 0000 0000 0000 0000 0000 0000 1 1 1 1 1 1 1 1 0 1 1 1 
0 3b33 85 1 3bbb 0c 1 3365 d1 0 3150 1a 1 37ba a0 0 3a3a ea 0 3bcd b5 0 3a8b bf 0 1 0 0 0 0000 0000 0000 0000 0000 0000 0000 0000 1 1 1 1 1 1 1 1 1 1 1 1 
0 36cb c2 0 36e9 4e 1 2f86 d6 1 197c 1f 1 3402 e0 0 1fa6 ed 0 360a 31 0 384c f9 1 1 0 0 0 0000 0000 0000 0000 0000 0000 0000 0000 1 1 1 1 1 1 1 1 1 0 0 0 
0 3959 06 0 3aff 8d 1 3527 d6 1 39f6 18 1 30a1 a2 1 2c11 2f 0 2da6 f4 1 3a6c 3b 1 1 0 0 0 0000 0000 0000 0000 0000 0000 0000 0000 1 1 1 1 1 1 1 1 0 0 0 1 
0 391a 47 1 2b56 0e 0 34b0 50 0 374f 1a 1 3a8a a3 0 3b2c 69 0 35fa 74 0 3bc9 3b 0 0 0 0 0 0000 0000 0000 0000 0000 0000 0000 0000 1 1 1 1 1 1 1 1 0 0 1 0 
0 3b15 85 1 307d 4b 1 33a9 55 1 356f 18 1 38af a5 1 3afd a8 0 35bf 32 1 3538 fa 0 1 0 0 0 0000 0000 0000 0000 0000 0000 0000 0000 1 1 1 1 1 1 1 1 0 0 0 0 
0 3b52 41 0 3212 48 1 3a3c 90 0 395b 9c 1 3087 e1 0 29ca a9 1 388b 74 0 373e 79 1 0 0 0 0 0000 0000 0000 0000 0000 0000 0000 0000 1 1 1 1 1 1 1 1 1 0 1 0 
0 3994 02 0 2b9a 0e 0 39ee 90 1 319d de 1 39fc e0 0 2e2c ab 1 38a0 77 0 3a0f 38 0 1 0 0 0 0000 0000 0000 0000 0000 0000 0000 0000 1 1 1 1 1 1 1 1 0 0 0 1 
0 3b36 80 0 39da 0e 0 3a2f d7 0 3928 da 1 2e62 67 1 3406 ee 1 3549 71 0 3ae8 7c 1 0 0 0 0 0000 0000 0000 0000 0000 0000 0000 0000 1 1 1 1 1 1 1 1 0 0 1 0 
0 3808 c1 1 39d2 c9 1 351a 15 0 34a7 1b 1 32a2 20 0 3ad4 eb 0 2f8e 34 0 3758 fd 1 0 0 0 0 0000 0000 0000 0000 0000 0000 0000 0000 1 1 1 1 1 1 1 1 0 1 1 1 
0 2c6d c4 0 3558 0a 0 380d d7 1 3779 9b 0 34de e7 0 20f5 68 1 3879 f0 0 35c6 bd 0 1 0 0 0 0000 0000 0000 0000 0000 0000 0000 0000 1 1 1 1 1 1 1 1 1 1 0 0 
0 281a 81 1 380e 8f 0 2f8f 14 1 3351 5d 1 3b5d 22 1 39ac 2f 0 31b7 72 1 332e fe 1 0 0 0 0 0000 0000 0000 0000 0000 0000 0000 0000 1 1 1 1 1 1 1 1 0 1 0 1 
0 374f 47 1 29fd 0f 0 38b6 d1 1 39f4 da 0 3b97 21 0 395e 69 0 3bf7 f6 1 340b f8 0 1 0 0 0 0000 0000 0000 0000 0000 0000 0000 0000 1 1 1 1 1 1 1 1 1 0 0 0 
0 349d 86 0 3013 0a 1 3849 50 0 39d2 1e 0 3263 62 0 379b 6a 0 2319 f6 0 3419 fc 0 0 0 0 0 0000 0000 0000 0000 0000 0000 0000 0000 1 1 1 1 1 1 1 1 1 0 1 0 
0 39b9 47 1 3356 cb 1 21d0 95 0 2bc8 1d 1 3adf a0 0 3b48 2b 0 31f3 72 1 365e 7c 0 1 0 0 0 0000 0000 0000 0000 0000 0000 0000 0000 1 1 1 1 1 1 1 1 1 0 0 1 
0 3698 c6 0 3bbd cd 0 3b12 10 1 3b4e 9a 0 3a4b a3 1 3b15 ad 1 3835 33 0 38ec 39 1 1 0 0 0 0000 0000 0000 0000 0000 0000 0000 0000 1 1 1 1 1 1 1 1 1 0 0 0 
0 3aa0 40 1 3b12 48 0 378f 56 1 3b2a 5d 0 313d a6 1 2b37 eb 0 3b40 76 1 3be1 79 1 1 0 0 0 0000 0000 0000 0000 0000 0000 0000 0000 1 1 1 1 1 1 1 1 1 1 0 1 
0 35d0 46 0 3019 cf 1 3991 94 1 3549 5d 0 341c 26 0 3546 ac 1 3b8c b3 1 3978 bf 0 1 0 0 0 0000 0000 0000 0000 0000 0000 0000 0000 1 1 1 1 1 1 1 1 1 0 0 0 
0 3599 85 1 35d1 0a 1 344d 57 1 3a4f 5e 1 2ea8 a5 1 3b2f ea 1 3b24 37 1 2d4e 7e 1 0 0 0 0 0000 0000 0000 0000 0000 0000 0000 0000 1 1 1 1 1 1 1 1 0 0 1 1 
0 37e6 46 1 38b5 8f 1 3b75 d5 0 3b8f 5d 0 3477 65 1 36c5 6a 1 3aca 35 1 3b6c 79 1 1 0 0 0 0000 0000 0000 0000 0000 0000 0000 0000 1 1 1 1 1 1 1 1 0 0 1 0 
0 35ea 00 1 3962 cc 0 24fb 93 1 3a0c 5d 1 3ae2 e2 1 3760 ab 0 2e50 73 0 280b 7d 0 0 0 0 0 0000 0000 0000 0000 0000 0000 0000 0000 1 1 1 1 1 1 1 1 0 0 0 0 
0 2bcb c0 0 3a30 09 1 381e 93 1 2f97 19 1 342b a1 1 3284 ec 1 3a2c f0 1 35b9 bc 1 1 0 0 0 0000 0000 0000 0000 0000 0000 0000 0000 1 1 1 1 1 1 1 1 1 0 0 1 
0 2d7e 84 1 3767 09 0 30d7 17 1 34da db 1 3bc6 22 1 3b96 6b 1 3ba5 f1 1 3a5d 7f 0 1 0 0 0 0000 0000 0000 0000 0000 0000 0000 0000 1 1 1 1 1 1 1 1 1 0 0 0 
0 3236 40 0 3897 0d 1 3b72 15 0 3b1a dc 0 3b60 a3 0 3804 6a 0 38f6 b5 1 3a68 3a 0 0 0 0 0 0000 0000 0000 0000 0000 0000 0000 0000 1 1 1 1 1 1 1 1 0 0 0 0 
0 2e8c 40 1 328f 09 0 2a89 55 0 364e 1c 0 3620 a4 1 248c 6f 1 3bf8 f7 0 3982 ba 1 0 0 0 0 0000 0000 0000 0000 0000 0000 0000 0000 1 1 1 1 1 1 1 1 0 0 1 1 
0 3815 c2 0 3b13 cb 1 3865 91 1 315c 1e 1 30ea a3 1 3a33 6c 1 35c7 f1 0 3579 3c 1 0 0 0 0 0000 0000 0000 0000 0000 0000 0000 0000 1 1 1 1 1 1 1 1 0 1 1 0 
0 29b5 01 0 3a4e 88 1 3668 d7 1 336f 9d 0 339a e1 1 3249 ec 1 3b98 36 0 392c fd 0 1 0 0 0 0000 0000 0000 0000 0000 0000 0000 0000 1 1 1 1 1 1 1 1 1 0 1 0 
0 3a6c 80 1 3a7b 4c 1 3782 16 1 3a22 1d 1 2ebe a2 0 3863 af 0 3ae8 77 1 3a59 bb 1 1 0 0 0 0000 0000 0000 0000 0000 0000 0000 0000 1 1 1 1 1 1 1 1 1 0 1 0 
0 28b2 c1 1 3b6b 09 1 3309 12 0 2905 1f 1 371d 67 0 3995 6a 1 2e79 74 1 2bf4 bd 1 0 0 0 0 0000 0000 0000 0000 0000 0000 0000 0000 1 1 1 1 1 1 1 1 0 0 1 0 
1 3a1c 05 1 3b19 48 0 36e2 57 0 37cb dc 0 380d 62 1 3b30 a9 1 3bb6 b2 1 2fd0 3c 0 1 0 0 0 0000 0000 0000 0000 0000 0000 0000 0000 1 1 1 1 1 1 1 1 1 1 0 0 
1 322f c2 0 32c3 cd 1 3511 51 0 3a15 d9 0 3846 25 0 30d8 ea 1 34bd 36 1 381a b9 0 0 0 0 0 0000 0000 0000 0000 0000 0000 0000 0000 1 1 1 1 1 1 1 1 0 0 0 0 
1 35fa 42 0 39a3 4d 0 380e d1 0 38ec 18 1 389d 62 1 3b55 ac 0 3ac9 75 1 3b80 ff 1 1 0 0 0 0000 0000 0000 0000 0000 0000 0000 0000 1 1 1 1 1 1 1 1 0 1 1 1 
1 3a8a 82 0 3929 4b 1 395f 52 1 35eb 5e 0 3b2f a6 1 30ef 68 0 39b4 b6 1 389a 3c 1 0 0 0 0 0000 0000 0000 0000 0000 0000 0000 0000 1 1 1 1 1 1 1 1 1 0 1 1 
1 3916 c3 0 35fe 4a 1 3be6 d0 1 3b34 1f 0 3a13 63 1 296c 2d 1 3587 36 0 37e7 b9 0 0 0 0 0 0000 0000 0000 0000 0000 0000 0000 0000 1 1 1 1 1 1 1 1 0 1 0 1 
1 3bd8 04 0 3906 cd 1 38cf 97 1 3498 5b 0 3513 63 1 3a2b 2c 0 39ef b5 0 3b5d b8 1 0 0 0 0 0000 0000 0000 0000 0000 0000 0000 0000 1 1 1 1 1 1 1 1 1 0 0 1 
1 2d91 40 1 2cba 4a 1 3a96 51 1 3a66 1a 1 381e 64 1 3235 6c 1 37ce 74 1 3594 fe 1 1 0 0 0 0000 0000 0000 0000 0000 0000 0000 0000 1 1 1 1 1 1 1 1 1 0 0 1 
1 36a2 41 0 3a1a 0d 1 3b5c 51 0 3613 da 0 381e a5 0 36f9 6b 0 35ba f6 1 3820 ff 0 0 0 0 0 0000 0000 0000 0000 0000 0000 0000 0000 1 1 1 1 1 1 1 1 1 1 0 0 
1 3ad5 c7 1 3907 ce 1 39f3 d0 0 3bd5 db 0 2772 21 1 3bfd 2c 0 394e f5 1 324d 7b 0 0 0 0 0 0000 0000 0000 0000 0000 0000 0000 0000 1 1 1 1 1 1 1 1 0 1 1 0 
1 3b53 03 0 35c5 c9 1 3b8b 17 0 38af 5e 1 3935 a2 1 39df ed 1 364a b6 0 2c5f 38 1 0 0 0 0 0000 0000 0000 0000 0000 0000 0000 0000 1 1 1 1 1 1 1 1 1 1 1 0 
1 3347 c2 0 3909 8e 0 3a03 57 0 3ac3 99 0 38bb 27 0 0e05 68 1 3854 34 1 3962 3e 0 1 0 0 0 0000 0000 0000 0000 0000 0000 0000 0000 1 1 1 1 0 1 1 1 0 0 0 0 
1 373b 01 1 3bc0 0d 0 3a71 12 1 3bdc de 0 383a 27 0 3b90 6f 0 3a1b f2 1 35f1 ff 1 1 1 0 0 35ea 0000 3637 38be 0000 3a1c 0000 0000 1 1 1 1 0 1 1 1 1 0 0 0 
1 3a3f 87 0 2df1 0e 0 3b9b 12 0 3609 59 0 37dd 22 0 29aa 6f 1 36c2 75 1 2832 79 1 1 1 0 1 2e8c 3684 3024 0000 0000 0000 37e6 39b9 1 1 1 1 1 1 1 1 0 0 0 1 
1 3a24 80 0 3957 8e 1 2f74 16 0 33ec 5f 1 36b9 66 0 3300 ac 0 2838 76 1 3aa6 39 0 0 1 0 2 3a6c 281a 0000 0000 2d7e 3599 0000 0000 1 1 1 1 1 1 1 1 0 1 0 0 
1 3514 c2 1 3ac3 49 1 3ac0 96 1 329b 9a 1 388f a3 1 32f4 ab 1 3b68 31 0 3187 39 1 1 0 0 0 0000 0000 0000 0000 0000 0000 0000 0000 1 1 1 1 1 1 1 1 1 0 1 1 
1 2649 85 1 3834 cc 0 3a8c 94 0 392a 5d 1 3a18 a4 0 2de8 e8 1 3223 f7 1 2830 3e 0 0 1 0 3 0000 28b2 3b07 0000 0000 0000 3825 0000 0 1 1 1 1 1 1 1 0 1 1 0 
1 35c8 07 0 32a4 ca 1 35ec 15 0 3954 5e 0 3421 65 1 3889 68 1 3940 b0 0 3a13 bb 0 0 0 0 0 0000 0000 0000 0000 0000 0000 0000 0000 0 1 1 1 1 1 1 1 1 1 1 1 
1 2cbe 44 0 3910 0b 0 2ca5 d3 0 3a25 99 0 3a50 62 0 3937 ee 0 3a7d 72 0 3a83 3a 1 0 0 0 0 0000 0000 0000 0000 0000 0000 0000 0000 0 1 1 1 1 1 1 1 0 0 1 1 
1 390b 86 0 333d 8d 0 386a 11 1 3879 1b 0 3bdd a6 0 3bab 6e 0 3bbc 75 1 38da be 0 0 0 0 0 0000 0000 0000 0000 0000 0000 0000 0000 0 1 1 1 1 1 1 1 1 1 1 0 
1 3a46 43 0 34a0 cb 0 2e7b 55 1 36f9 99 1 3ae5 24 1 3944 2b 1 3b46 36 1 3aca 3f 1 0 0 0 0 0000 0000 0000 0000 0000 0000 0000 0000 0 1 1 1 1 1 1 1 1 1 0 1 
1 3819 41 0 32ce 8e 0 3329 17 0 371d 9f 0 3a30 21 1 3b93 ed 1 2f7f 37 1 3746 f8 1 1 0 0 0 0000 0000 0000 0000 0000 0000 0000 0000 1 1 1 1 1 1 1 1 0 1 1 0 
1 3ba4 80 1 3be5 4f 0 3237 d6 0 365b dd 1 38cd 25 1 3a56 ad 1 2d59 75 0 2831 3d 0 1 0 0 0 0000 0000 0000 0000 0000 0000 0000 0000 1 1 1 1 1 1 1 1 1 1 1 1 
1 2f31 80 1 39ac cc 1 2b18 96 0 26bd 9f 1 3ace e6 1 3754 e9 1 34e5 b7 0 3b1a f8 1 1 0 0 0 0000 0000 0000 0000 0000 0000 0000 0000 1 1 1 1 1 1 1 1 1 0 0 1 
1 3490 83 1 38ae 0c 1 344d d7 1 3b49 58 1 20bc 25 0 3955 2e 1 3bde 32 0 3973 78 0 1 0 0 0 0000 0000 0000 0000 0000 0000 0000 0000 1 1 1 1 1 1 1 1 0 0 0 0 
1 34fc 05 1 3928 ce 1 392d d0 1 39d6 df 0 3031 a0 1 3842 2f 1 3b75 f7 0 38a8 bf 1 0 0 0 0 0000 0000 0000 0000 0000 0000 0000 0000 1 1 1 1 1 1 1 1 0 1 0 0 
1 34c3 84 1 35d4 ca 1 3153 55 0 3a72 9a 1 3bb5 63 0 3a3d eb 0 3026 71 1 341a 3b 1 0 0 0 0 0000 0000 0000 0000 0000 0000 0000 0000 1 1 1 1 1 1 1 1 0 0 1 0 
1 3aa6 04 1 39ad 49 0 3923 17 1 38ef 5a 0 395f 26 1 3948 68 1 30c4 37 0 3927 bc 1 1 0 0 0 0000 0000 0000 0000 0000 0000 0000 0000 0 0 1 1 1 1 1 1 1 1 1 0 
1 3402 04 0 330a 0c 1 311a d5 1 38ac 19 0 2905 a2 1 3bb3 ad 0 3799 b5 1 30d3 fb 1 1 1 1 0 3045 3b6b 35d1 0000 3bbb 3d58 39bb 0000 0 0 1 1 1 1 1 1 1 0 1 0 
1 3553 c1 1 3a92 0a 0 3956 51 1 30a8 5c 0 3a85 e3 0 3bd5 6c 0 385b b0 1 39c8 7a 1 0 1 1 1 3212 3ac3 372c 3a48 3a7b 0000 36e9 38b6 1 0 1 1 1 1 1 1 1 0 0 0 
1 3a27 c7 1 34d4 8a 0 340c 56 0 3a2a dd 1 3842 27 1 311b ae 1 3958 b7 1 3648 fa 0 0 0 0 0 0000 0000 0000 0000 0000 0000 0000 0000 1 0 1 1 1 1 1 1 0 0 0 1 
1 3a2c c3 0 3146 cf 0 305e 57 0 398a 1b 0 3096 23 1 389a eb 0 3a79 f2 0 39a4 fe 0 0 0 0 0 0000 0000 0000 0000 0000 0000 0000 0000 1 0 1 1 1 1 1 1 0 0 0 0 
1 3b96 03 1 33b5 ce 0 3793 92 1 39bc 1a 0 385d 21 1 39f3 6d 1 36a2 70 0 3958 3d 1 0 0 0 0 0000 0000 0000 0000 0000 0000 0000 0000 1 0 1 1 1 1 1 1 0 1 1 1 
1 3310 43 1 3363 0f 1 392d 15 0 36f6 59 1 3bea 20 1 3928 2f 1 39b1 31 1 3b60 fb 1 1 0 0 0 0000 0000 0000 0000 0000 0000 0000 0000 1 0 1 1 1 1 1 1 0 1 1 1 
1 31a3 c7 1 394d ca 1 376c d5 0 391b 5a 1 3ac8 62 0 3602 ea 0 3b0c 30 1 3b4f fa 1 0 1 1 2 3a4e 0000 0000 0000 0000 3aff 3957 38b5 1 0 1 1 1 1 1 1 0 0 0 1 
1 378d 43 0 3a50 0f 1 3957 d1 1 3b69 5a 1 38e6 65 0 3be6 ed 1 3b45 b5 1 3bca fe 1 1 0 0 0 0000 0000 0000 0000 0000 0000 0000 0000 1 0 1 1 1 1 1 1 1 1 0 1 
1 34b7 c7 1 2f78 0e 0 3852 97 1 352a 1b 1 3bb1 e7 1 3293 29 1 273c f6 0 389a 7e 1 1 1 1 3 0000 3c5a 3951 3b13 0000 3e17 3907 3019 1 0 1 1 1 1 1 1 1 1 1 1 
1 37f7 c4 1 3b87 cb 1 38b1 92 0 383a 1c 0 3380 e4 1 3446 68 1 370c 36 0 3bb8 fb 1 1 0 0 0 0000 0000 0000 0000 0000 0000 0000 0000 1 0 1 1 1 1 1 1 1 1 0 0 
1 3b9c c3 0 3397 89 1 3b2f 17 1 35b2 9b 1 2fe8 e0 0 3921 68 1 1da0 b2 0 395c 79 0 1 0 0 0 0000 0000 0000 0000 0000 0000 0000 0000 1 0 1 1 1 1 1 1 0 1 1 0 
1 38b4 01 0 2cff 8b 1 3480 57 0 3992 9d 0 324d e5 0 3822 a8 1 39c8 b2 0 3489 fc 0 1 0 0 0 0000 0000 0000 0000 0000 0000 0000 0000 1 0 1 1 1 1 1 1 1 0 1 1 
1 31a4 44 0 3bc4 89 0 3a91 54 0 374e 1a 0 3826 a6 0 3bd3 6c 1 2ab5 b2 0 38ba 3a 1 0 0 0 0 0000 0000 0000 0000 0000 0000 0000 0000 1 0 1 1 1 1 1 1 1 1 0 1 
1 2d60 c0 0 3a93 0c 1 3244 d4 1 36c2 1c 0 38bf a4 0 3b49 6c 1 3bac f3 1 2dd2 78 1 1 0 0 0 0000 0000 0000 0000 0000 0000 0000 0000 1 1 1 1 1 1 1 1 0 0 1 0 
1 37a9 44 1 29da 4f 0 3ac3 16 0 31b0 1f 1 3b09 66 1 37fe 2a 0 3217 72 0 3a93 7e 0 0 0 0 0 0000 0000 0000 0000 0000 0000 0000 0000 1 1 1 1 1 0 1 1 1 1 0 1 
1 3543 84 1 38fb cf 0 353c 93 0 36d7 1f 1 3001 e3 0 3406 2f 0 38dc f0 1 3733 3e 0 1 0 0 0 0000 0000 0000 0000 0000 0000 0000 0000 1 1 1 1 1 1 1 1 1 0 0 1 
1 3617 c5 0 3667 0f 1 35a8 50 1 243f 5c 1 3b1a e2 0 2f65 6f 0 3822 72 1 38d7 be 0 0 0 0 0 0000 0000 0000 0000 0000 0000 0000 0000 1 1 1 1 1 1 1 1 1 0 1 1 
1 34f1 06 0 343a cd 0 30ac 12 1 349b 58 0 3377 61 1 39e9 e9 0 35ba b2 1 388c 79 1 1 0 0 0 0000 0000 0000 0000 0000 0000 0000 0000 1 1 1 1 1 1 1 1 0 1 1 0 
1 328e 82 0 23f8 0c 0 27c1 d0 0 27af 1c 0 32e3 e4 0 3481 ef 0 3b27 37 1 347f 7c 0 1 0 0 0 0000 0000 0000 0000 0000 0000 0000 0000 1 1 1 1 1 1 1 1 0 0 1 1 
1 340b 06 0 3a31 0a 1 39e7 54 0 2e31 5e 1 3bd8 22 1 3a92 ed 0 3951 77 0 38ad fc 0 0 1 2 0 3b12 386a 3a71 0000 2f8f 0000 3782 3ec3 1 1 1 1 1 1 1 1 0 0 0 1 
1 3502 85 1 2e40 8c 1 2d0b 53 0 3a90 59 1 3b9e 66 1 3201 6b 1 3bd5 f6 1 3bd9 bd 1 1 0 0 0 0000 0000 0000 0000 0000 0000 0000 0000 1 1 1 1 1 1 1 1 1 1 0 0 
1 2783 05 1 3672 4a 1 375c 95 0 3a5a 58 0 3364 26 1 3615 ec 1 34cf 30 1 360a fc 0 0 1 2 1 0000 3df6 395f 36ef 0000 3573 378f 344d 1 1 1 1 1 1 1 1 0 0 1 1 
1 3221 47 1 3901 4e 1 3912 11 1 352f 1a 0 3421 a2 1 306a ea 0 3ae5 32 1 2e48 7c 1 0 0 0 0 0000 0000 0000 0000 0000 0000 0000 0000 1 1 1 1 1 1 1 1 0 1 1 0 
1 3785 87 1 3ade 4d 0 325b 55 0 386e dd 1 378f e5 0 38a6 ea 0 39c7 33 1 3aac 7e 0 0 0 0 0 0000 0000 0000 0000 0000 0000 0000 0000 1 1 0 1 1 1 1 1 0 1 1 0 
1 3bc9 40 1 34e7 49 0 2f5e d2 1 3502 1a 1 3ad4 e2 0 38a1 ed 1 3788 32 0 3bd0 f9 1 0 0 0 0 0000 0000 0000 0000 0000 0000 0000 0000 1 1 0 1 1 1 1 1 1 1 0 0 
1 3ba4 c6 1 342e 4e 0 3886 15 1 3079 9e 1 3be8 a1 1 35db ad 0 3bb4 75 1 3b8b 79 0 0 0 0 0 0000 0000 0000 0000 0000 0000 0000 0000 1 1 0 1 1 1 1 1 1 0 0 1 
1 3668 87 0 397e 88 1 3b1e 50 1 39d8 99 0 3a45 e7 1 3340 2d 1 3a30 31 1 3953 3b 1 1 0 0 0 0000 0000 0000 0000 0000 0000 0000 0000 1 1 0 1 1 1 1 1 1 1 0 1 
1 362f c1 1 354a 8e 1 3714 d2 0 3afa df 1 2053 a5 0 3a8a 6f 1 2c97 32 1 38bb b9 0 1 1 2 2 39ee 3865 3ce3 381e 3991 0000 3e17 3c90 1 1 0 1 1 1 1 1 1 0 0 1 
1 3729 80 1 37c1 0f 0 368d 94 1 3968 d9 1 363d a4 0 388c ee 1 39e8 34 0 3866 3b 0 0 1 2 3 3e89 3d06 3957 0000 0000 33d5 3527 395a 1 1 0 1 1 1 1 1 0 0 0 1 
1 39c1 84 1 3b6d 09 1 361d 54 1 38ea 58 0 3156 e1 1 3a48 ee 1 3151 31 0 3bbb ba 0 0 0 0 0 0000 0000 0000 0000 0000 0000 0000 0000 1 1 0 1 1 1 1 1 0 0 0 0 
1 38a4 42 1 3881 08 1 34a9 d4 1 32b9 18 0 39f7 67 1 3abd 6e 1 3a06 b1 0 3b82 fd 0 1 0 0 0 0000 0000 0000 0000 0000 0000 0000 0000 1 1 0 1 1 1 1 1 1 1 0 0 
1 3551 00 1 38b5 cb 0 34a9 56 1 38d1 db 1 39f2 61 1 2caf 69 0 35b1 73 1 3371 be 1 0 0 0 0 0000 0000 0000 0000 0000 0000 0000 0000 1 1 0 1 1 1 1 1 1 1 0 1 
1 378c 00 0 3440 4d 0 31b0 10 1 3bc3 df 1 2d0e 23 1 30f3 2a 0 36ec f4 1 3b73 fd 1 1 0 0 0 0000 0000 0000 0000 0000 0000 0000 0000 1 1 0 1 1 1 1 1 0 1 1 0 
1 328a c3 0 31be 4d 1 3920 94 1 36f3 59 0 305f e0 0 3b3c 6f 0 27ed 76 0 3259 7b 0 1 0 0 0 0000 0000 0000 0000 0000 0000 0000 0000 1 1 1 1 1 1 1 1 0 1 1 1 
1 34ab 40 0 3b4d 4d 0 362e 12 1 39b3 59 0 2f33 e7 0 3bea 69 0 35e8 b1 1 32d8 fd 0 1 0 0 0 0000 0000 0000 0000 0000 0000 0000 0000 1 1 1 1 1 1 1 1 0 0 1 0 
1 3275 c0 0 2ea9 8e 1 3be2 93 1 3add dc 0 3ab9 20 0 31f6 ac 0 3a61 f2 0 35e2 fb 1 0 0 0 0 0000 0000 0000 0000 0000 0000 0000 0000 1 1 1 1 1 1 1 1 1 0 0 1 
1 353d 81 0 3ad8 c8 1 386a d5 1 39bb 9d 1 38be 66 1 3a23 ab 0 3bb6 71 1 380f 7d 0 1 0 0 0 0000 0000 0000 0000 0000 0000 0000 0000 1 1 1 1 1 1 1 1 0 1 0 0 
1 34f7 47 0 34d4 08 0 3a20 95 1 3ac5 5b 0 3a2c 24 1 3986 6c 0 3b59 73 0 2ee7 38 0 1 1 3 0 3ba3 2f97 3e46 38e8 0000 3a22 315c 3927 1 1 1 1 1 1 1 1 1 0 0 0 
1 3a89 86 1 34f0 0e 1 2c74 97 0 3486 1e 0 3a54 63 1 38ce ea 1 354e f6 0 1f76 39 1 1 1 3 1 3b49 3d05 409a 0000 2441 3d9b 3de2 33ec 1 1 0 1 1 1 1 1 1 1 0 0 
1 3976 83 0 3a16 8f 1 3018 97 1 39e2 dd 0 3951 27 1 39bd ad 1 3ab5 32 0 3b7d 7e 1 1 1 3 2 3a13 3ca9 3c0c 35b2 395b 3938 3a29 26bf 1 1 1 1 1 1 1 1 1 1 1 1 
1 3930 02 1 3619 c8 0 3796 d5 0 38b6 58 1 25e4 a5 1 389f ef 1 3170 71 0 38f4 fd 0 0 1 3 3 0000 399b 3928 34da 2e88 3ee2 319d 3d22 1 1 1 1 1 1 1 1 1 1 0 1 
1 39e3 81 0 30eb c8 0 3198 12 1 34d2 5d 0 3b71 e4 1 3a14 6e 0 3756 72 0 3077 3e 1 0 0 0 0 0000 0000 0000 0000 0000 0000 0000 0000 1 1 1 0 1 1 1 1 1 1 1 1 
1 2d3c 41 0 3964 0c 0 2e4a 54 1 3463 9b 0 3b02 63 0 2d24 69 1 38de b5 0 28e3 bb 1 0 0 0 0 0000 0000 0000 0000 0000 0000 0000 0000 1 1 1 0 1 1 1 1 0 0 0 1 
1 3a64 46 0 3448 49 1 3a92 d1 0 373e 1c 0 300e a0 0 3983 e8 1 39ba 32 0 3a32 3c 1 1 0 0 0 0000 0000 0000 0000 0000 0000 0000 0000 1 1 1 0 1 1 1 1 0 0 1 0 
1 3b0a 07 0 30e6 4f 0 3a82 51 1 3932 5b 1 3ad0 a7 1 3808 6a 0 3268 34 1 31e4 7d 1 0 0 0 0 0000 0000 0000 0000 0000 0000 0000 0000 1 1 1 0 1 1 1 1 0 0 1 0 
1 3ac1 41 1 38e5 48 1 35d2 d2 1 3913 99 1 396c e6 0 3a7a eb 0 2d48 b5 0 3309 f8 1 0 0 0 0 0000 0000 0000 0000 0000 0000 0000 0000 1 1 1 1 1 1 1 1 0 1 0 0 
1 34d6 84 0 3140 8f 0 346c 97 0 3469 9d 1 30fc a6 1 38b0 28 0 3b7f b3 0 39e4 bd 0 1 0 0 0 0000 0000 0000 0000 0000 0000 0000 0000 1 1 1 1 1 1 1 1 1 1 1 1 
1 3b49 c3 0 3511 4d 0 3493 52 1 39fb 5e 0 30a3 e0 1 340c 28 0 3a9c 33 0 36cb 39 0 1 0 0 0 0000 0000 0000 0000 0000 0000 0000 0000 1 1 1 1 1 1 1 1 0 0 1 1 
1 33ef 04 1 35c8 8b 0 3b63 14 1 339f de 0 3bd3 a0 0 30a4 ea 1 3664 30 1 292f fa 1 1 0 0 0 0000 0000 0000 0000 0000 0000 0000 0000 1 1 1 1 1 1 1 1 0 1 0 0 
1 2f32 81 1 3bc0 0a 1 3a00 56 0 3af8 1a 1 363c a4 1 3a9a 2f 1 3245 36 0 3895 be 0 0 0 0 0 0000 0000 0000 0000 0000 0000 0000 0000 1 1 1 1 1 1 1 1 0 0 0 0 
1 2a27 40 0 37d1 08 1 3aa7 13 1 3a94 9b 0 3bc0 24 1 3639 2e 0 323a f5 0 3126 39 1 1 0 0 0 0000 0000 0000 0000 0000 0000 0000 0000 1 1 1 1 0 1 1 1 1 1 0 1 
1 358a 07 0 38f3 0f 0 364b 54 0 38f9 19 1 3968 a4 0 2df5 6d 1 3584 73 0 3667 bf 1 0 1 4 0 3bea 3d64 3fcf 331d 401a 38cd 3b38 3ede 1 1 1 1 0 1 1 1 0 0 0 0 
1 3192 45 1 3887 8d 0 36ef 94 0 352d 99 1 39e0 23 1 37a5 2b 0 2d12 71 0 379b 3d 0 0 0 0 0 0000 0000 0000 0000 0000 0000 0000 0000 1 1 1 1 0 1 1 1 1 0 0 0 
1 3733 84 1 389f 0b 0 36d5 10 0 3938 9e 1 36c1 a0 0 38a3 ea 0 3bcf 35 0 36eb 39 0 1 0 0 0 0000 0000 0000 0000 0000 0000 0000 0000 1 1 1 1 0 1 1 1 0 0 1 1 
1 3a1a 87 0 2924 4f 1 3471 13 1 3a61 5f 1 39d5 e3 0 3670 e8 1 3b4a b0 1 39d7 ff 1 1 1 4 1 3b5b 3f48 3c55 3f7b 38c4 384c 40d9 3ac3 1 1 1 1 0 1 1 1 1 0 0 0 
1 3afd 04 0 3aa1 89 1 38ef 96 1 3b78 1c 1 341a e1 1 36ac 6b 0 31ff 31 1 39d8 f8 1 0 1 4 2 39b0 3cfe 3c5e 39c9 3620 3010 3c3f 0000 1 1 1 1 0 1 1 1 1 0 1 0 
1 3be6 40 0 398e 8e 1 3b8d 57 0 2d14 5c 1 3ae2 e2 0 3922 6b 0 39e2 f1 1 3135 7e 1 0 0 0 0 0000 0000 0000 0000 0000 0000 0000 0000 1 1 1 1 0 1 1 1 0 1 1 0 
1 34e6 04 0 39a7 8a 0 3b33 52 0 3a83 1b 0 3591 23 0 359e 28 0 3954 b6 1 3b63 39 1 1 0 0 0 0000 0000 0000 0000 0000 0000 0000 0000 1 1 1 1 0 1 1 1 0 1 1 0 
1 3522 84 0 3b44 0a 0 3738 d3 0 387f 5a 0 2136 66 1 356f e8 1 3916 b1 0 3816 7a 1 0 1 4 3 0000 3678 3ae2 0000 3ca8 0000 3b7c 3f3d 1 1 1 1 0 1 1 1 0 0 1 1 
1 3b14 c2 0 3880 8a 0 2e69 d4 1 35dd 1c 1 299b e0 0 3510 ab 0 137b f0 0 35a0 38 1 1 0 0 0 0000 0000 0000 0000 0000 0000 0000 0000 1 1 1 1 0 1 1 1 0 0 1 0 
1 2789 03 0 3b54 0c 0 34e5 11 0 2b55 99 0 3c00 24 1 3a1f ed 0 35fa f0 1 3bc0 fa 0 1 0 0 0 0000 0000 0000 0000 0000 0000 0000 0000 1 1 1 1 0 1 1 1 1 1 0 1 
1 3524 43 1 39bd 0b 0 39ce 56 0 39b7 1e 1 34bf e3 1 3ae2 e9 0 3bae 36 0 3903 7f 1 0 0 0 0 0000 0000 0000 0000 0000 0000 0000 0000 1 1 1 1 0 1 1 1 1 0 1 0 
1 3a7e 05 1 3478 8b 1 3476 96 1 3abe 9c 1 253f e5 0 31f4 e8 0 25ec f3 0 326f 7b 0 1 0 0 0 0000 0000 0000 0000 0000 0000 0000 0000 1 1 1 1 0 1 1 1 1 0 0 1 
1 39f8 44 0 3ada 49 1 3572 94 0 3ba4 dd 0 3536 e5 1 3887 6f 1 3a45 f2 1 350e fc 1 0 0 0 0 0000 0000 0000 0000 0000 0000 0000 0000 1 1 1 1 1 1 1 1 1 1 1 0 
1 31fd 85 0 2d19 09 0 3525 13 1 31f6 db 0 266e 63 0 3bab a8 0 3b5d 35 1 39fc ff 1 1 0 0 0 0000 0000 0000 0000 0000 0000 0000 0000 1 1 1 1 1 1 1 1 1 0 0 0 
1 2fd6 c6 0 3756 0b 1 3b7e 56 0 3424 9b 0 3b2d a6 1 36d5 eb 1 34b0 b1 0 3a41 bc 0 1 0 0 0 0000 0000 0000 0000 0000 0000 0000 0000 1 1 1 1 1 1 1 1 1 1 1 0 
1 360b c0 1 3a26 0a 0 31f4 55 0 35db db 1 35e4 25 0 3a94 2d 0 29eb f1 0 2bfd 7c 1 1 0 0 0 0000 0000 0000 0000 0000 0000 0000 0000 1 1 1 1 1 1 1 1 1 1 0 1 
1 39c6 44 0 2240 8d 0 31f8 94 0 36dd 5c 0 3176 62 0 39a7 6a 0 3288 f5 1 36c4 fe 0 1 1 5 0 3bb3 3293 0000 3944 30ca 344d 3955 4001 1 1 1 1 1 1 1 1 1 0 1 1 
1 3ad2 83 0 3998 4e 1 3349 d4 0 3438 5a 0 3a5b 20 0 3168 e9 1 3500 f3 1 3a3e 3e 0 0 1 5 1 4049 2d24 3995 3c8b 41b6 3b29 3abd 3b09 1 1 1 1 1 1 1 1 0 0 0 1 
1 2f51 86 0 2eba 08 0 31ea 53 0 3a42 9d 1 3b80 67 1 3400 af 0 3549 f6 0 34ed bd 1 0 0 0 0 0000 0000 0000 0000 0000 0000 0000 0000 1 1 1 1 1 1 1 1 1 1 0 0 
1 308d 81 0 3b87 08 0 321e 11 1 2ea9 df 0 246d 67 1 3a34 29 0 33b1 f3 0 3ad5 79 1 1 0 0 0 0000 0000 0000 0000 0000 0000 0000 0000 1 1 1 1 1 1 1 1 0 1 0 0 
1 39cb 42 1 39cb 89 0 3790 50 0 3949 1e 0 3434 e3 0 3159 a8 0 2ff3 b3 1 3bb6 7f 1 1 1 5 2 3822 3b8c 0000 3505 3546 40c9 3c43 3bac 1 1 1 1 1 1 1 1 1 1 1 1 
1 2ed5 01 1 3a89 08 0 39d4 55 0 2561 df 1 30de 22 1 3968 6b 0 34d7 74 1 34a0 fb 1 0 1 5 3 3e17 3754 3f2d 3489 389c 43eb 3e6b 389f 1 1 1 1 1 1 1 1 0 0 1 0 
1 3a70 43 0 3aa6 8a 0 323a d3 0 357a 9e 0 38a4 e4 0 2e1f ae 1 39e1 f1 0 34f1 fa 1 0 0 0 0 0000 0000 0000 0000 0000 0000 0000 0000 1 1 1 1 1 1 1 1 0 0 1 0 
1 37d5 41 1 2d14 4f 1 3646 93 0 31e6 1e 0 3788 a1 0 3a63 ac 0 2d72 70 0 2d9d 3c 0 0 0 0 0 0000 0000 0000 0000 0000 0000 0000 0000 1 1 1 1 1 0 1 1 1 0 1 0 
1 31e0 87 1 3bf5 4f 1 354f 93 0 36c0 5f 1 3bea e2 1 3a78 ac 0 3aeb 73 0 3921 3b 0 1 0 0 0 0000 0000 0000 0000 0000 0000 0000 0000 1 1 1 1 1 0 1 1 0 1 1 0 
1 379b 81 0 3a56 0d 1 3535 57 1 36af 1f 0 3347 62 0 3950 af 1 2fd5 34 1 3b3b 7b 1 1 0 0 0 0000 0000 0000 0000 0000 0000 0000 0000 1 1 1 1 1 0 1 1 0 0 1 0 
1 3439 c0 1 355f 0a 0 3afc 16 0 3a88 de 1 3898 20 1 3b71 ec 0 393d 31 1 3b89 bb 1 0 0 0 0 0000 0000 0000 0000 0000 0000 0000 0000 1 1 1 1 1 1 1 1 0 1 1 0 
1 3bf7 83 0 3bce 4f 0 3bd5 56 0 392a 9f 1 3252 61 0 3ba8 af 0 3849 f7 0 3819 3a 0 1 0 0 0 0000 0000 0000 0000 0000 0000 0000 0000 1 1 1 1 1 1 1 1 1 1 1 0 
1 3915 44 0 2fce 48 0 343a 90 0 38dc db 1 3969 a5 1 3b4a 2b 0 363c b6 1 3773 fb 1 1 0 0 0 0000 0000 0000 0000 0000 0000 0000 0000 1 1 1 1 1 1 1 1 0 1 1 0 
1 3121 05 0 3aab 8f 0 2a11 15 0 3ac3 1f 1 394d e4 1 38a6 6c 1 372a 77 1 30fb 3e 0 0 0 0 0 0000 0000 0000 0000 0000 0000 0000 0000 1 1 1 1 1 1 1 1 0 1 0 0 
1 3447 80 1 393a ce 0 3bf4 15 1 2ec1 db 0 3ade 61 1 3b92 a9 0 3924 31 1 3a98 3d 1 0 0 0 0 0000 0000 0000 0000 0000 0000 0000 0000 1 1 1 1 1 1 0 1 1 1 0 0 
1 2fa9 86 1 3744 c9 1 32d3 91 1 3931 9c 0 36a6 66 0 32cc 6c 1 2d3a 71 0 3861 7a 1 1 0 0 0 0000 0000 0000 0000 0000 0000 0000 0000 1 1 1 1 1 1 0 1 0 0 0 1 
1 3812 c1 1 3349 c8 1 395b 92 1 390e 5b 0 3943 61 0 3ac4 6f 0 3862 b3 1 2712 3c 1 0 1 6 0 40c9 3eaf 3d2b 3d7b 39ee 3f13 3cd2 3f9c 1 1 1 1 1 1 0 1 0 0 1 0 
1 38c6 02 0 3a8b 08 0 3abe d3 0 3976 dd 0 3590 63 1 3b1a ef 0 3a26 36 0 3b4c 7c 1 1 0 0 0 0000 0000 0000 0000 0000 0000 0000 0000 1 1 1 1 1 1 0 1 1 1 0 1 
1 3244 44 1 395d c9 1 3907 96 0 30df 59 1 3b99 67 1 2f58 2e 0 33f8 f2 0 37fd 7c 1 1 1 6 1 0000 3c5f 399e 35b1 3b21 43ba 3b83 3ae8 1 1 1 1 1 1 0 1 0 1 0 0 
1 2d71 c1 0 34bf cc 0 3604 57 0 30ac 9d 1 2f7f 22 1 2f77 6a 1 37d4 73 0 3be4 fe 0 0 1 6 2 3dd2 3c61 3d49 3c45 3477 4001 4051 3958 1 1 1 1 1 1 0 1 0 0 0 1 
1 37ae 47 1 39c4 4c 0 3844 d0 1 28c3 da 1 383f 20 1 3806 e9 1 12a8 b6 0 2fb2 7b 1 1 0 0 0 0000 0000 0000 0000 0000 0000 0000 0000 1 1 1 1 1 1 0 1 0 1 1 0 
1 2ce3 46 0 2c70 4d 1 3605 d3 1 37f6 d9 1 367a 26 0 3796 6d 1 3b76 74 0 2847 7d 1 0 1 6 3 3f02 3ec3 3e42 3d16 382a 3f08 40aa 3223 1 1 1 1 1 1 0 1 0 0 1 1 
1 23ff 05 1 3922 c8 0 3b26 96 0 3aeb d9 1 391d 21 0 3af0 2c 1 32e8 f6 0 3949 be 0 0 0 0 0 0000 0000 0000 0000 0000 0000 0000 0000 1 1 1 1 1 1 0 1 0 0 1 1 
1 34fc 86 1 354a 09 1 32dd d0 1 3420 df 1 2b0e 21 1 3a89 ad 0 233a b5 0 3787 f8 0 0 0 0 0 0000 0000 0000 0000 0000 0000 0000 0000 1 1 1 1 1 1 0 1 0 0 0 1 
1 3841 04 0 398b ca 1 3587 d5 0 3a64 9d 1 34d0 e5 0 3445 2b 1 3bb8 33 0 3a62 78 0 1 0 0 0 0000 0000 0000 0000 0000 0000 0000 0000 1 1 1 1 1 1 0 1 1 1 1 0 
1 3995 45 0 3a4e c8 1 2e06 11 0 3a4c 99 1 378e 21 0 39d2 69 0 3934 b7 0 35d4 3f 1 1 0 0 0 0000 0000 0000 0000 0000 0000 0000 0000 1 1 1 1 1 1 0 1 0 0 0 0 
1 3291 42 0 36e6 8e 0 378b 55 1 20fd 9c 0 35dc e0 0 3350 2b 0 2b80 f2 0 3b3e 3e 0 0 0 0 0 0000 0000 0000 0000 0000 0000 0000 0000 1 1 1 0 1 1 1 1 1 0 1 1 
1 37d1 c0 1 39cd 09 0 3057 d5 1 3061 59 0 3023 26 0 3664 a8 0 3b46 b4 1 17d7 7b 0 1 0 0 0 0000 0000 0000 0000 0000 0000 0000 0000 1 1 1 1 1 1 1 1 1 1 1 0 
1 2d6c c5 1 3ad9 cb 0 34d3 55 1 39c7 d9 0 33b8 a7 1 2e20 6a 1 38b3 b3 1 34bc 78 0 1 0 0 0 0000 0000 0000 0000 0000 0000 0000 0000 1 1 1 1 1 1 1 1 0 1 0 1 
1 3815 86 0 367f 8d 0 3371 54 1 34b9 1d 0 347b 25 1 3aab af 0 348c f0 1 3b64 fa 0 0 0 0 0 0000 0000 0000 0000 0000 0000 0000 0000 1 1 1 1 1 1 1 1 1 0 1 0 
1 35f8 84 0 3912 0e 1 35bd 14 0 38bb 5f 1 358b a2 0 36ed ee 1 3b23 35 0 39e3 7c 0 1 0 0 0 0000 0000 0000 0000 0000 0000 0000 0000 1 1 1 1 1 1 1 1 1 0 0 1 
1 3a80 c0 0 38bc ca 0 3417 54 1 3735 1e 0 36ef 65 0 2a87 ae 0 3ba8 71 1 1b50 7d 0 1 0 0 0 0000 0000 0000 0000 0000 0000 0000 0000 1 1 1 1 1 1 1 1 0 1 1 0 
1 2f58 00 1 3780 8d 0 3bcc d2 0 2e6c 18 0 3606 a6 1 38aa ed 0 3084 b2 1 2878 fd 1 1 1 7 0 36b7 3f83 3e04 3ee5 3ee0 4069 3b1b 3aca 1 1 1 1 1 1 1 1 0 1 0 0 
1 3914 c4 1 310e 48 1 3956 90 0 3445 9f 1 3a68 e5 1 2cb3 6b 0 2b62 f4 0 3be0 fe 0 1 1 7 1 3b71 40c3 3f1f 3c9f 40de 32f5 3f06 3ed4 1 1 1 1 1 1 1 1 1 1 1 1 
1 3435 03 0 390d 0f 1 36ac 55 1 35f9 9d 1 3a6d e6 1 3ac3 6a 1 3938 76 1 35d0 b9 0 1 1 7 2 3b5d 38fd 3982 3f18 3c01 3d67 3371 3c82 1 1 1 1 1 1 1 1 0 1 1 1 
1 3bbe c1 1 366c cb 1 39fc d3 1 3b40 5e 0 3508 23 1 39d7 ee 0 3bf7 76 0 3455 f8 0 0 1 7 3 4275 3e0e 3d23 4251 350e 3d8f 3e2f 4192 1 1 1 1 1 1 1 1 0 1 0 0 
1 3b1f 06 1 3526 49 0 391a 91 1 3b72 1a 1 394b e4 1 39fe ec 1 2202 35 0 3686 ff 1 0 0 0 0 0000 0000 0000 0000 0000 0000 0000 0000 1 1 1 1 1 1 1 1 1 1 1 0 
1 3b95 03 1 38e5 ca 1 389e 57 1 390c 19 0 3a96 62 1 39ec 28 1 3958 f3 0 3367 7e 1 0 0 0 0 0000 0000 0000 0000 0000 0000 0000 0000 1 1 1 1 1 1 1 1 0 1 0 0 
1 2ef8 81 1 36c3 cb 1 2eba 50 0 378e 58 0 3425 e2 0 3b7f 29 1 3b86 b1 0 202e 3a 0 0 0 0 0 0000 0000 0000 0000 0000 0000 0000 0000 1 1 1 1 1 1 1 0 0 0 1 1 
1 3848 01 0 3613 89 1 3805 53 1 3514 59 1 1c95 63 1 3811 6b 1 3b5d b5 1 366b be 1 1 0 0 0 0000 0000 0000 0000 0000 0000 0000 0000 1 1 1 1 1 1 1 0 1 1 1 0 
1 38cd 81 1 30fd 49 0 2dc4 57 0 2824 9d 0 38bb a5 0 2dfb 2f 1 2a5e f7 0 37ce be 1 0 0 0 0 0000 0000 0000 0000 0000 0000 0000 0000 1 1 1 1 1 1 1 0 0 0 1 1 
1 3b68 83 1 3b19 cb 0 32d7 d7 1 398f 9b 0 3175 a2 0 27e8 ad 1 3a6b b6 0 3675 3c 1 1 0 0 0 0000 0000 0000 0000 0000 0000 0000 0000 1 1 1 1 1 1 1 0 0 0 0 0 
1 26f4 47 1 39f7 0e 1 3abf 93 0 3090 5c 1 3b10 65 0 32f8 28 0 3a81 f2 0 3a1c f9 1 1 0 0 0 0000 0000 0000 0000 0000 0000 0000 0000 1 1 1 1 1 1 1 0 0 1 0 0 
1 3b27 87 0 30c4 89 1 352f 56 1 36f7 9e 1 39e4 e2 0 37f0 aa 1 3171 70 0 3858 fe 1 1 0 0 0 0000 0000 0000 0000 0000 0000 0000 0000 1 1 1 1 1 1 1 0 0 0 1 1 
1 31d2 40 0 3a0a ca 1 3994 12 0 1b31 5f 1 327c 26 1 3914 6f 1 3a14 b6 0 38eb be 0 1 0 0 0 0000 0000 0000 0000 0000 0000 0000 0000 1 1 1 1 1 1 1 0 1 1 1 1 
1 2f5f 41 1 3413 ce 0 34df 10 0 371b 1d 0 2d62 26 0 39c6 2a 1 3536 b2 0 2ea6 3a 0 0 0 0 0 0000 0000 0000 0000 0000 0000 0000 0000 1 1 1 1 1 1 1 0 1 1 1 1 
1 2056 07 1 367c 0d 1 36ea d7 1 3828 1d 0 3829 66 0 3a40 6e 1 3861 73 0 3553 f9 1 1 0 0 0 0000 0000 0000 0000 0000 0000 0000 0000 1 1 1 1 1 1 1 0 1 1 1 1 
1 3b29 c4 0 384e 8f 1 3ba8 d7 1 3a0e 1e 1 38a3 e0 1 3a49 6f 1 3767 f2 1 33f4 b9 0 0 0 0 0 0000 0000 0000 0000 0000 0000 0000 0000 1 1 1 1 1 1 1 0 1 1 1 1 
1 3be3 c1 1 3a2b 08 1 3967 11 0 3b6b 1c 1 2e92 25 0 3550 28 0 39ff 77 0 367a 7c 0 0 0 0 0 0000 0000 0000 0000 0000 0000 0000 0000 1 1 1 1 1 1 1 0 1 1 1 1 
1 3502 04 1 37b7 08 0 3943 d0 0 33b0 18 0 37ef 67 0 384d a9 1 3b30 37 1 3b83 7a 0 1 0 0 0 0000 0000 0000 0000 0000 0000 0000 0000 1 1 1 1 1 1 1 0 1 1 1 1 
1 3a5f 03 1 2e44 8f 0 34db 90 1 3923 d9 0 2e7b a3 0 37bf 2a 0 31ad 77 0 3121 3f 1 1 0 0 0 0000 0000 0000 0000 0000 0000 0000 0000 1 1 1 1 1 1 1 0 1 1 1 1 
1 306f 47 1 3913 4f 0 3477 57 0 3703 19 1 322e e2 1 3455 6d 1 30a3 f0 0 30eb b9 1 0 0 0 0 0000 0000 0000 0000 0000 0000 0000 0000 1 1 1 1 1 1 1 0 1 1 1 1 
1 38d2 82 1 37e5 8d 0 3aeb 13 0 30bc 5c 1 333d 21 0 3070 6d 1 3c00 b1 0 2d04 fb 0 1 0 0 0 0000 0000 0000 0000 0000 0000 0000 0000 1 1 1 1 1 1 1 0 1 1 1 1 
1 3a64 84 0 3b5b 0d 0 38f4 50 0 39ed 18 1 3afe a6 0 3bc8 ed 1 3b5d 34 0 301c ba 0 0 0 0 0 0000 0000 0000 0000 0000 0000 0000 0000 1 1 1 1 1 1 1 0 1 1 1 1 
1 3a5a 43 1 37ac 8b 0 37ac d0 1 3adf 1f 1 2298 a7 0 3bc6 2c 0 3682 f4 1 3129 7e 0 1 0 0 0 0000 0000 0000 0000 0000 0000 0000 0000 1 1 1 1 1 1 1 0 1 1 1 1 
1 3734 c3 0 31d0 8a 1 372d 51 0 322c 9b 1 3a75 23 1 3b89 ad 0 2718 30 1 37b2 3b 1 0 0 0 0 0000 0000 0000 0000 0000 0000 0000 0000 1 1 1 1 1 1 1 0 1 1 1 1 
1 39b5 01 1 398f 0e 0 3850 93 1 3525 9b 0 3bec 24 1 3636 2b 0 38e3 32 0 3af0 38 1 1 0 0 0 0000 0000 0000 0000 0000 0000 0000 0000 1 1 1 1 1 1 1 1 1 1 1 1 
1 34b2 c0 1 38f7 0b 0 39e7 53 1 384f 5c 0 2bbf 65 1 2d4b 2f 0 33d6 71 1 2f01 fc 1 0 0 0 0 0000 0000 0000 0000 0000 0000 0000 0000 1 1 1 1 1 1 1 1 1 1 1 1 
1 31a7 46 1 34d0 8f 1 3b74 57 0 31ac 5b 1 38b7 a4 1 386c 2f 0 3521 f2 0 358b 78 0 1 0 0 0 0000 0000 0000 0000 0000 0000 0000 0000 1 1 1 1 1 1 1 1 1 1 1 1 
1 34e0 01 1 3770 0b 1 34ff d4 0 3749 1f 1 36a7 22 1 38a0 6a 0 34af 32 0 3b63 ba 0 0 0 0 0 0000 0000 0000 0000 0000 0000 0000 0000 0 1 1 1 1 1 1 1 1 1 1 1 
1 37f0 03 0 27a4 8a 0 3ba1 56 1 3668 5c 0 2edb a5 0 39ee 68 1 3883 36 1 3970 7c 1 0 0 0 0 0000 0000 0000 0000 0000 0000 0000 0000 0 1 1 1 1 1 1 1 1 1 1 1 
1 361b 80 1 33e5 4d 0 3bc6 95 1 35e7 19 1 3955 e0 1 312c a8 1 39dd f5 1 2eac 3e 0 0 0 0 0 0000 0000 0000 0000 0000 0000 0000 0000 0 1 1 1 1 1 1 1 1 1 1 1 
1 2d17 83 1 30c9 8f 1 198b 13 1 3aa3 59 0 2c24 67 1 3b1b ea 0 2df3 b4 0 39f1 f9 0 0 0 0 0 0000 0000 0000 0000 0000 0000 0000 0000 0 1 1 1 1 1 1 1 1 1 1 1 
1 3b13 87 1 3417 0f 1 396d 11 1 36b0 5b 0 3484 60 1 35e2 6b 1 32c5 70 1 38ed fb 1 0 0 0 0 0000 0000 0000 0000 0000 0000 0000 0000 0 1 1 1 1 1 1 1 1 1 1 1 
1 33a3 41 1 336b 4b 0 3272 11 1 3278 da 0 3ab5 65 1 3b81 68 1 3576 37 1 3625 bf 0 0 0 0 0 0000 0000 0000 0000 0000 0000 0000 0000 0 1 1 1 1 1 1 1 1 0 0 1 
1 3400 44 1 3885 8b 0 39e5 15 1 3952 5f 1 388e e1 0 15de 6c 0 3404 77 0 398e ba 1 1 0 0 0 0000 0000 0000 0000 0000 0000 0000 0000 0 1 1 1 1 1 1 1 0 0 1 1 
1 39ae 84 1 37c3 8d 0 349b 10 0 2792 d9 0 39a5 e5 1 3995 af 1 3b3e 30 1 360b 78 1 1 1 0 0 3727 3878 3930 4162 387c 3cab 3b1f 205a 0 1 1 1 1 1 1 1 0 0 1 1 
1 3b65 03 0 38bf 49 0 3996 d6 1 3a9b 9e 1 323a 65 1 29bc 29 1 32fb 36 1 2db7 bb 0 1 1 0 1 3c3d 3dca 3d37 3856 3965 3192 0000 3ab1 0 1 1 1 1 1 1 1 1 1 0 0 
1 3374 04 1 3a1a cd 1 1ff4 56 1 3ac5 9b 0 2755 a6 0 38bd ab 0 3493 37 0 3933 3d 0 1 1 0 2 3f20 3a92 38d2 3cd8 3f2e 3502 3cfe 393a 0 1 1 1 1 1 1 1 0 1 1 0 
1 38fc 82 1 3895 0f 1 398c 12 0 2d26 5e 0 32ac e1 0 34b1 ae 1 2e42 31 0 37d2 b8 0 1 1 0 3 3c85 425c 3514 0000 3c87 2d6c 3ba4 402f 0 1 1 1 1 1 1 1 1 0 0 0 
1 3555 42 1 30a2 89 0 3b95 92 1 399e 9a 0 3b48 e6 0 38a0 e9 1 3940 b1 0 3855 ba 0 1 0 0 0 0000 0000 0000 0000 0000 0000 0000 0000 0 1 1 1 1 1 1 1 0 1 1 1 
1 3990 c1 0 377b 09 1 36b1 54 1 36b7 18 1 317a 67 1 352e eb 1 3bfa 74 1 38f0 79 1 1 0 0 0 0000 0000 0000 0000 0000 0000 0000 0000 0 1 1 1 1 1 1 1 1 0 1 1 
1 38fe c2 1 388d 0d 0 314c 90 1 3a2a df 1 3a52 e6 0 208f ef 0 364a 37 1 3862 ff 1 0 0 0 0 0000 0000 0000 0000 0000 0000 0000 0000 0 1 1 1 1 1 1 1 0 0 0 1 
1 3958 46 0 3506 0f 1 29ec 91 0 3102 dd 1 2d36 65 1 2f4c ed 1 2edb b2 0 39d1 b8 0 1 0 0 0 0000 0000 0000 0000 0000 0000 0000 0000 0 1 1 1 1 1 1 1 0 1 1 0 
1 37d6 c6 1 3002 8e 0 3b9d 52 1 3631 5c 1 3a4b a5 1 387e 6e 0 3a87 70 1 3be0 ba 1 0 0 0 0 0000 0000 0000 0000 0000 0000 0000 0000 1 1 1 1 1 1 1 1 0 0 1 1 
1 34cb 04 1 3354 8c 1 2ea4 16 0 3a76 1f 1 3a40 e2 1 3b78 aa 0 2e55 f6 1 2d3a 3b 1 0 0 0 0 0000 0000 0000 0000 0000 0000 0000 0000 1 1 1 1 1 1 1 1 1 0 1 0 
1 38bf c4 0 382f 0c 0 3a7a 16 0 37c0 1d 0 3b07 63 1 342b 68 0 3847 b5 0 3908 7c 0 1 0 0 0 0000 0000 0000 0000 0000 0000 0000 0000 1 1 1 1 1 1 1 1 0 0 0 1 
1 3726 05 0 3a69 8a 1 2652 d2 1 2f8c 1d 0 36dd 22 0 3a83 6a 1 3752 74 0 36f4 fa 0 0 0 0 0 0000 0000 0000 0000 0000 0000 0000 0000 1 1 1 1 1 1 1 1 0 1 0 1 
1 2ec9 83 0 38e1 4c 1 37e2 10 0 39a6 da 0 3b5b a3 1 3b4a 6a 0 37af b5 1 31bf 79 1 1 0 0 0 0000 0000 0000 0000 0000 0000 0000 0000 1 1 1 1 1 1 1 1 0 0 0 1 
1 21cd 44 1 3a40 0a 1 3aaf 17 0 375e 5c 0 3a70 20 0 3586 ec 1 3987 f3 0 391c 3e 1 0 0 0 0 0000 0000 0000 0000 0000 0000 0000 0000 1 0 1 1 1 1 1 1 0 0 0 0 
1 3148 02 0 3a40 cb 0 3437 11 1 3abf da 1 375d 20 0 3176 ee 1 3841 76 0 3550 7d 0 1 0 0 0 0000 0000 0000 0000 0000 0000 0000 0000 1 0 1 1 1 1 1 1 1 1 0 0 
1 39a8 82 0 3278 4c 0 3a0d 51 0 38e0 99 1 3b17 67 0 2e01 af 1 390f f7 1 3b34 38 1 0 1 1 0 3f49 3ee7 3ef8 3b63 3da0 3cca 3ec0 3f6f 1 0 1 1 1 1 1 1 0 1 1 1 
1 3b8a 43 1 38c5 48 1 3668 d6 0 3689 5d 0 3a7d 64 0 3af9 a9 1 3bf6 f2 0 3ac2 7d 0 1 0 0 0 0000 0000 0000 0000 0000 0000 0000 0000 1 0 1 1 1 1 1 1 1 0 0 0 
1 3634 06 1 38ef cc 1 3a4c 12 0 3887 dc 1 3b67 e3 0 3a86 e9 0 2dab f2 1 2c38 3b 0 1 1 1 1 3a28 3c7f 3672 0000 0000 33f6 3d4c 3c74 1 0 1 1 1 1 1 1 0 0 0 0 
1 28f5 c4 0 3b5e ce 1 38f2 11 1 3951 19 1 3a02 20 1 3726 2f 0 3ade b6 1 3827 3b 1 1 1 1 2 397e 3d6d 31d0 3478 2e40 0000 3c84 3eff 1 0 1 1 1 1 1 1 1 1 0 0 
1 2b6d 83 1 3953 88 0 3bde 53 1 3a4a 5e 1 3974 e6 0 30c2 6d 1 39f1 b4 1 3737 bc 0 1 1 1 3 3f7c 3c7f 40d8 3a97 39ac 3a1a 3928 0000 1 0 1 1 1 1 1 1 0 1 1 0 
1 3b98 c1 0 3912 08 0 38d1 53 1 3ad1 9c 0 35aa 25 1 3a59 6e 0 3abd b3 1 3bb8 fa 1 0 0 0 0 0000 0000 0000 0000 0000 0000 0000 0000 1 0 1 1 1 1 1 1 1 0 0 1 
1 3686 43 1 3b61 0f 1 1d14 17 1 3b7c 99 1 39e7 25 0 394c 2c 1 384e 33 0 34dc fa 1 0 0 0 0 0000 0000 0000 0000 0000 0000 0000 0000 1 0 1 1 1 1 1 1 1 1 0 0 
1 3690 06 1 3411 c8 0 3be6 d0 0 3722 5b 1 3a1c e1 1 3b41 6e 1 2dfc b7 1 3781 bf 1 1 0 0 0 0000 0000 0000 0000 0000 0000 0000 0000 1 0 1 1 1 1 1 1 1 0 1 0 
1 38c9 c3 0 3b90 c9 0 39b8 52 0 34bc dc 0 3a88 64 1 37c0 ae 1 3a56 71 1 3926 39 1 0 0 0 0 0000 0000 0000 0000 0000 0000 0000 0000 1 0 1 1 1 1 1 1 0 0 1 1 
1 311c 45 0 34fc c9 0 3894 95 0 396d 5e 1 39af e3 0 1006 aa 1 3615 70 1 325b fb 0 0 0 0 0 0000 0000 0000 0000 0000 0000 0000 0000 1 1 1 1 1 1 1 1 0 1 0 1 
1 39ce 80 1 3905 4b 1 3b17 13 0 33ab df 0 38e5 e0 0 343e 2c 0 3092 b7 0 3964 3d 0 1 0 0 0 0000 0000 0000 0000 0000 0000 0000 0000 1 1 1 1 1 1 1 1 1 0 0 0 
1 3448 03 0 38d6 8b 0 3407 50 1 38a0 18 0 3a43 e5 0 3648 ac 1 35fa f5 0 39bd b8 1 1 0 0 0 0000 0000 0000 0000 0000 0000 0000 0000 1 1 1 1 1 1 1 1 1 1 1 1 
1 3a2d 45 0 3bd6 c9 1 35a3 12 1 357e 5c 1 336c 26 0 3a45 28 0 2c75 37 1 365c b9 0 0 0 0 0 0000 0000 0000 0000 0000 0000 0000 0000 1 1 1 1 1 1 1 1 0 0 0 0 
1 3b88 c5 0 3942 8e 1 3542 d3 0 3618 59 1 3382 a0 1 34ae 29 1 3954 b1 0 2bd5 79 1 1 0 0 0 0000 0000 0000 0000 0000 0000 0000 0000 1 1 0 1 1 1 1 1 0 1 0 0 
1 3b81 83 1 35cd c8 0 34cb 52 0 364d 1b 1 3936 67 1 36a9 ea 0 3597 f4 1 3af2 7f 1 0 1 2 0 0000 412b 39a8 3dba 3b63 3eec 0000 0000 1 1 0 1 1 1 1 1 0 1 0 0 
1 2bd2 87 0 3805 4c 0 3a39 94 1 2d3c 9c 0 2ecf 20 0 37c0 ef 1 34c8 77 0 2e14 3f 1 1 0 0 0 0000 0000 0000 0000 0000 0000 0000 0000 1 1 0 1 1 1 1 1 0 1 0 1 
1 3b5d 07 1 360f 0c 1 3b90 92 1 30fa 5b 1 2fe4 e7 0 3b7b eb 0 3404 76 0 3b6e 39 1 0 1 2 1 35a8 3a82 3cf3 4072 3c04 3cc2 3d23 3b38 1 1 0 1 1 1 1 1 1 0 0 1 
1 3924 46 1 378d 0f 1 3653 d2 1 38ad 5b 0 367b e2 1 3b90 2e 1 31c2 b1 0 3b56 ff 0 0 0 0 0 0000 0000 0000 0000 0000 0000 0000 0000 1 1 0 1 1 1 1 1 1 0 1 1 
1 342a 07 0 3578 4b 1 3911 50 1 3832 5b 0 316d a7 0 3713 ab 0 36e7 b0 0 3931 bc 0 1 0 0 0 0000 0000 0000 0000 0000 0000 0000 0000 1 1 0 1 1 1 1 1 0 1 1 0 
1 368d 43 1 1f43 09 0 38d5 95 1 3a49 5a 1 382a 26 0 2ca1 2f 1 34d7 33 0 3b52 3d 1 0 1 2 2 3781 3ace 3e78 3e19 3920 3ef3 3b2a 3018 1 1 0 1 1 1 1 1 1 0 0 0 
1 3a96 84 1 381a 4a 0 3b8c d3 1 2f29 d9 0 38a1 e6 0 35b6 2b 0 3beb 34 0 2f0d 79 1 1 0 0 0 0000 0000 0000 0000 0000 0000 0000 0000 1 1 0 1 1 1 1 1 0 1 1 0 
1 364a 82 0 3ac4 ce 0 3aab 52 1 23e9 9f 1 3bbc a5 0 3624 6d 1 3ba6 33 1 3976 fa 1 0 1 2 3 3ce8 0000 3637 3c7f 34bc 397f 3996 3e69 1 1 0 1 1 1 1 1 1 0 0 1 
1 3a0b c5 0 391b c8 1 3492 12 1 3055 d8 1 3b80 a7 0 3858 6d 1 35c4 b3 0 393e fb 0 0 0 0 0 0000 0000 0000 0000 0000 0000 0000 0000 1 1 0 1 1 1 1 1 1 1 1 1 
1 36a4 c0 1 3974 0f 1 3a1c 97 0 290e de 1 3752 e5 1 3798 ad 0 3991 f3 1 38c5 fa 0 1 0 0 0 0000 0000 0000 0000 0000 0000 0000 0000 1 1 0 1 1 1 1 1 1 0 0 1 
1 3a55 c0 0 3bee 4f 0 3408 56 1 3795 df 0 38b3 22 0 3bb9 eb 1 3682 b4 0 3a8e fe 1 1 0 0 0 0000 0000 0000 0000 0000 0000 0000 0000 1 1 0 1 1 1 1 1 0 1 1 1 
1 39ea 40 0 3017 0a 1 3930 11 0 321c 9a 0 3171 20 1 3956 aa 1 3954 76 0 38dc 3b 1 1 0 0 0 0000 0000 0000 0000 0000 0000 0000 0000 1 1 0 1 1 1 1 1 0 0 1 1 
1 31c6 c3 1 35bb 88 1 3965 95 1 3474 5f 0 397c e5 0 2c74 ad 1 2af2 37 0 333c fb 1 0 0 0 0 0000 0000 0000 0000 0000 0000 0000 0000 1 1 1 1 1 1 1 1 0 0 0 1 
1 378c 80 1 341e 8d 0 385b 12 1 32fa 58 0 3a08 61 1 2f7b 69 1 37ef 77 0 3be8 3b 0 1 0 0 0 0000 0000 0000 0000 0000 0000 0000 0000 1 1 1 1 1 1 1 1 1 0 1 0 
1 39c2 02 1 32ed cf 1 3758 d0 1 3543 19 1 39dd a7 0 34bf a9 0 39fe 73 0 395a ff 1 1 0 0 0 0000 0000 0000 0000 0000 0000 0000 0000 1 1 1 1 1 1 1 1 1 0 1 0 
1 3839 c0 0 3a84 0f 1 354b d0 0 2dc4 db 0 3b0f e4 1 38d9 ae 0 30a5 70 1 27c7 be 1 1 0 0 0 0000 0000 0000 0000 0000 0000 0000 0000 1 1 1 1 1 1 1 1 0 0 1 0 
1 30bc 00 0 3af7 09 1 2fb8 93 1 3771 da 1 3b43 e2 1 39a0 e9 0 39d4 b5 0 35ff fd 0 1 0 0 0 0000 0000 0000 0000 0000 0000 0000 0000 1 1 1 1 1 1 1 1 1 0 1 1 
1 3993 82 1 2eac 4f 0 379e d6 0 35ff 1d 1 37bd a4 0 310a 2f 0 2dc2 74 1 36a9 fd 1 0 0 0 0 0000 0000 0000 0000 0000 0000 0000 0000 1 1 1 1 1 1 1 1 0 0 1 1 
1 3ba3 43 0 33dc 8c 1 3893 50 1 3bee db 1 3606 a4 1 3af6 ef 0 35cc f4 0 33ba bb 0 0 0 0 0 0000 0000 0000 0000 0000 0000 0000 0000 1 1 1 1 1 1 1 1 1 0 1 1 
1 3ae0 04 1 39b1 cf 1 3933 17 0 3189 1f 0 362d a3 0 34dc ec 1 31c5 b7 1 3948 ff 0 0 0 0 0 0000 0000 0000 0000 0000 0000 0000 0000 1 1 1 0 1 1 1 1 1 0 0 1 
1 3bbb 02 1 3661 49 1 38a3 d4 0 3acf 9c 1 3396 22 1 247d 2d 0 36db b4 1 3b25 bc 0 1 0 0 0 0000 0000 0000 0000 0000 0000 0000 0000 1 1 1 0 1 1 1 1 1 1 0 0 
1 391f 01 0 3435 c8 0 2f60 54 0 16e6 5a 1 338b e7 0 396a 69 0 34dc f1 0 3bbd fb 1 1 1 3 0 3ca4 402f 3f35 364d 4074 0000 3de2 41ee 1 1 1 0 1 1 1 1 1 0 0 0 
1 2e42 05 1 2f6c ce 1 3599 91 0 3b54 59 0 3b38 e4 0 398b eb 0 364a 72 1 32ee bc 1 0 1 3 1 38b6 3acd 3a49 3a3a 3c66 0000 3ddb 40f4 1 1 1 0 1 1 1 1 0 0 1 0 
1 38d3 00 0 379d 0f 0 3ada 14 1 396a de 0 328e e4 1 307e eb 0 3486 f4 0 3b4c 79 0 1 0 0 0 0000 0000 0000 0000 0000 0000 0000 0000 1 1 1 0 1 1 1 1 1 1 0 1 
1 23f7 40 1 3bc3 0a 1 2b68 d4 0 32ef da 0 359f 27 0 3805 29 0 392d 70 0 3a11 7e 1 0 1 3 2 0000 4294 0000 322c 3abe 422e 3fa6 3b6b 1 1 1 0 1 1 1 1 0 0 0 1 
1 3155 81 0 3953 4b 0 3b9d 93 1 39bb 5d 1 318e a0 1 2efd e9 0 3865 31 0 3b18 7a 1 1 0 0 0 0000 0000 0000 0000 0000 0000 0000 0000 1 1 1 0 1 1 1 1 0 0 0 1 
1 3908 c5 0 32c4 8a 0 3707 14 1 399e 1a 0 30e0 e2 1 36b0 2a 1 3842 75 1 3369 bb 1 1 1 3 3 3055 3d73 3b0b 3e4d 3887 3102 3ad8 400a 1 1 1 0 1 1 1 1 0 1 0 1 
1 3a67 c5 1 3018 cf 0 39d6 16 1 3abb 1f 0 378d e2 0 3679 6d 0 271e 33 1 38f4 3b 1 0 0 0 0 0000 0000 0000 0000 0000 0000 0000 0000 1 1 1 0 1 1 1 1 0 1 1 0 
1 39e5 c2 1 3701 89 0 37da 92 1 3898 5a 1 3a2f e0 0 380e ec 0 3801 76 0 351d f8 1 1 0 0 0 0000 0000 0000 0000 0000 0000 0000 0000 1 1 1 0 1 1 1 1 1 1 0 1 
1 3907 45 0 34d9 ca 1 38d8 92 1 3a53 de 1 3323 61 1 322d a8 0 387f f5 0 39fb 3b 0 0 0 0 0 0000 0000 0000 0000 0000 0000 0000 0000 1 1 1 0 1 1 1 1 1 1 0 1 
1 3889 44 1 34d7 8e 1 398b 14 1 34a9 1e 1 33b8 e2 1 301d 6e 0 3b64 72 0 393d 79 0 0 0 0 0 0000 0000 0000 0000 0000 0000 0000 0000 1 1 1 0 1 1 1 1 1 0 0 1 
1 3590 c0 0 35b9 0a 0 34c8 51 0 39fa 9e 0 3a16 a7 1 382f ab 1 3995 76 1 32e1 bd 0 0 0 0 0 0000 0000 0000 0000 0000 0000 0000 0000 1 1 1 1 1 1 1 1 1 0 0 1 
1 391c 00 0 24d9 4f 1 2f1b 12 1 2fb9 98 0 344e a7 0 3459 29 1 3bb2 b3 1 3a51 38 0 1 0 0 0 0000 0000 0000 0000 0000 0000 0000 0000 1 1 1 1 1 1 1 1 1 1 0 0 
1 361e 07 1 30af 8a 0 3b6d 50 1 3a30 19 0 3a1a 25 0 3952 2e 0 3857 f6 0 383f f8 0 0 0 0 0 0000 0000 0000 0000 0000 0000 0000 0000 1 1 1 1 1 1 1 1 0 0 0 0 
1 3a53 00 1 30c7 0f 1 3264 96 1 344a dc 0 3918 26 1 3814 ad 0 3b6d 31 1 3826 39 0 0 0 0 0 0000 0000 0000 0000 0000 0000 0000 0000 1 1 0 1 1 1 1 1 0 1 1 0 
1 39a9 03 1 32ce 0c 0 35f9 d7 0 352f 5e 0 3868 23 0 3349 6a 0 3818 77 1 3492 3f 1 0 0 0 0 0000 0000 0000 0000 0000 0000 0000 0000 1 1 1 1 0 1 1 1 0 1 0 0 
1 2da0 87 1 3a2e 8b 0 3434 d1 0 3994 dd 1 35a6 a5 0 392d 2e 1 3997 70 0 3a74 7f 0 1 0 0 0 0000 0000 0000 0000 0000 0000 0000 0000 1 1 1 1 0 1 1 1 0 0 1 1 
1 36fd 06 0 36af 89 0 28b3 96 1 329c dd 1 3799 a0 0 348f e9 0 35a5 30 1 3b52 bc 0 1 1 4 0 400d 2b0f 3b5f 3c7c 3bec 3912 327c 0000 1 1 1 1 0 1 1 1 0 0 0 1 
1 365b 07 0 3934 88 0 3bbd 56 1 3810 59 1 35ce e5 1 3b6a ed 1 351f 74 0 2e98 7d 0 1 1 4 1 3484 3e73 3a96 3cec 3a88 3cb2 0000 4194 1 1 1 1 0 1 1 1 1 1 1 0 
1 34db 42 0 3365 0e 0 2e9d 17 0 3554 df 0 3ad9 a4 0 2f88 2d 1 3420 34 1 3730 7b 0 1 1 4 2 3688 0000 0000 3b5b 3d6c 3dda 3db7 3c5f 1 1 1 1 0 1 1 1 0 1 0 0 
1 3263 86 0 3998 0b 1 38fd 93 1 36a0 1b 0 34f4 63 1 347e 2e 0 3a0b 72 0 3207 fb 1 0 1 4 3 3d90 3a1c 42da 0000 40d1 4093 3a6d 0000 1 1 1 1 0 1 1 1 1 1 0 1 
1 3162 41 1 3502 8f 0 35c1 52 1 3353 1c 0 397c a7 1 387e 2f 0 36e7 f7 1 3917 39 0 0 0 0 0 0000 0000 0000 0000 0000 0000 0000 0000 1 1 1 1 0 1 1 1 0 0 1 0 
1 3894 00 0 3a23 4f 1 3a26 15 0 3869 dc 1 3b07 e6 1 27a4 aa 1 3be1 f3 1 3821 f8 1 0 0 0 0 0000 0000 0000 0000 0000 0000 0000 0000 1 1 1 1 0 1 1 1 1 0 1 1 
1 37b3 82 1 38ff 09 1 3923 12 1 3802 99 0 3253 a0 0 394a ec 1 37ad f0 0 3535 7a 1 0 0 0 0 0000 0000 0000 0000 0000 0000 0000 0000 1 1 1 1 0 1 1 1 0 1 0 0 
1 393a 44 0 34a1 89 1 3bef 56 0 2e14 5f 0 3951 a4 0 3961 ae 0 2e67 75 0 3a9b fe 1 0 0 0 0 0000 0000 0000 0000 0000 0000 0000 0000 1 1 1 1 0 1 1 1 1 0 1 0 
1 2e6b 45 0 2d6c ce 1 31a0 94 0 3781 de 1 28af 21 1 37da 6f 1 2c35 f3 0 39ab f8 0 1 0 0 0 0000 0000 0000 0000 0000 0000 0000 0000 1 1 1 1 1 1 1 1 1 0 1 0 
1 3502 01 1 3622 8b 1 2ed1 12 0 3800 d9 1 3a7d a1 0 367e 6d 1 3879 b4 1 3996 38 0 0 0 0 0 0000 0000 0000 0000 0000 0000 0000 0000 1 1 1 1 1 1 1 1 1 1 0 0 
1 36dd 45 1 2e2c 09 1 3253 50 1 3b22 1e 0 3670 23 0 3a52 ef 1 38ca 31 1 32b2 b8 1 0 0 0 0 0000 0000 0000 0000 0000 0000 0000 0000 1 1 1 1 1 1 1 1 1 1 1 0 
1 3bbe 83 0 3881 88 0 2a4d 51 1 2f64 99 1 3aac 22 1 3b08 ab 0 38cb f7 0 2f8d bb 1 1 0 0 0 0000 0000 0000 0000 0000 0000 0000 0000 1 1 1 1 1 0 1 1 1 0 0 1 
1 28bf c2 0 39f6 8f 0 1b66 d2 0 375c 1c 0 387c 67 0 26a1 6d 0 389e 33 1 3b0e 3d 1 0 0 0 0 0000 0000 0000 0000 0000 0000 0000 0000 1 1 1 1 1 0 1 1 0 1 0 1 
1 36f8 40 0 35cd c9 1 3338 51 1 38aa dd 1 3749 a7 0 3628 e9 0 39a4 36 1 3646 7c 0 1 0 0 0 0000 0000 0000 0000 0000 0000 0000 0000 1 1 1 1 1 0 1 1 0 1 1 1 
1 39d9 c0 1 3b9f 4e 1 3671 d6 0 3848 dc 1 3ae5 a7 0 39e5 e8 0 39d8 77 1 3bea fc 0 0 1 5 0 39ec 3e2e 3c8f 3445 3e1e 2f88 3e5e 314e 1 1 1 1 1 0 1 1 0 0 0 1 
1 3bca 85 1 2f18 8a 1 3a20 d6 0 2ac5 5a 0 3598 66 0 3974 ed 1 3b68 b4 1 3a50 3f 0 1 0 0 0 0000 0000 0000 0000 0000 0000 0000 0000 1 1 1 1 1 0 1 1 1 0 1 0 
1 38f2 01 1 314f 8a 1 393c 13 0 383f 9e 0 39d6 63 1 3702 2a 0 3a19 b3 1 3a2c 7f 0 1 1 5 1 3eb7 2f7b 3f7b 3b02 3a59 3fd5 3ec0 3ff1 1 1 1 1 1 0 1 1 0 1 0 1 
1 2f80 85 0 2b1e c9 0 3841 d2 1 39a8 58 0 3bf7 22 1 3bcb 6e 1 3bfb 31 1 3b50 3b 0 1 1 5 2 312c 3da3 3cc5 382f 3648 2e6e 3afc 3a55 1 1 1 1 1 0 1 1 0 0 1 1 
1 3093 04 1 3b4f cb 0 321c 16 0 380b 9f 1 39aa e3 0 3850 ee 1 32bb b5 0 391f 79 0 1 1 5 3 0000 3d00 0000 3edd 3d97 4006 38d4 37c0 1 1 1 1 1 0 1 1 0 1 1 1 
1 302c 03 0 3142 cc 0 3b19 d2 1 22a3 58 0 374e a7 1 31fe 29 1 3bf9 37 0 3a30 fa 1 0 0 0 0 0000 0000 0000 0000 0000 0000 0000 0000 1 1 1 1 1 0 1 1 1 1 1 1 
1 3bc5 05 1 3b00 0d 0 3b2c d5 0 1c2f 5f 0 3363 e5 0 37c3 ac 0 283e f7 0 3b9a 7e 1 0 0 0 0 0000 0000 0000 0000 0000 0000 0000 0000 1 1 1 1 1 0 1 1 0 0 1 1 
1 39f5 42 1 389a cc 1 3bd7 93 0 3728 d9 1 39cf e3 1 2f57 ee 1 3097 70 1 36bc fd 0 0 0 0 0 0000 0000 0000 0000 0000 0000 0000 0000 1 1 1 1 1 0 1 1 0 0 0 0 
1 31cb 41 0 3a4d 8b 0 3815 d1 0 366e 1a 0 39d0 20 0 3987 6e 1 390a 74 0 28d7 f8 1 1 0 0 0 0000 0000 0000 0000 0000 0000 0000 0000 1 1 1 1 1 0 1 1 1 0 1 1 
1 342e 84 0 3a60 8a 1 3899 d5 1 384d da 0 39ba e4 1 3bf3 2d 1 3b29 72 0 2e68 79 0 0 0 0 0 0000 0000 0000 0000 0000 0000 0000 0000 1 1 1 1 1 1 1 1 1 1 1 1 
1 3aa4 44 0 2e54 4c 1 315e 53 0 3bf6 18 1 39d5 e5 0 37a0 ab 0 2234 f2 0 38d0 3c 0 0 0 0 0 0000 0000 0000 0000 0000 0000 0000 0000 1 1 1 1 1 1 1 1 0 0 1 1 
1 3bca 86 1 3bdb 49 1 39e5 97 1 3aec 1b 0 3390 e1 0 39ae ad 1 3129 f0 1 3817 78 0 1 0 0 0 0000 0000 0000 0000 0000 0000 0000 0000 1 1 1 1 1 1 1 1 0 1 0 1 
1 3bf7 c5 0 3572 4e 0 2c6a 51 0 31cf da 1 39d6 a5 1 3012 69 1 371d 32 0 36dd fa 0 1 1 6 0 3d24 425b 0000 3e3e 3615 0000 3df2 3ece 1 1 1 1 1 1 1 1 1 1 1 1 
1 2e2a c2 1 39d8 4b 1 33f8 94 0 3949 5d 1 3af4 e3 1 3aa0 ae 1 3aee 72 0 2a96 fe 1 1 1 6 1 3e35 3ff9 364a 0000 3c59 3842 3d66 3ec2 1 1 1 1 1 1 1 1 1 0 1 0 
1 3244 81 1 3864 8c 0 39de d0 1 3bc2 19 0 332b 23 0 3350 6c 0 360f 34 1 39ab 7e 0 1 1 6 2 0000 0000 3084 424e 4320 3d9a 3cfe 3461 1 1 1 1 1 1 1 1 0 0 1 0 
1 35dd 85 0 39a8 0b 1 3919 d0 0 3bc5 d9 1 331f a6 1 3a41 e9 1 3093 f3 1 371e 3a 1 0 1 6 3 348c 0000 3868 3eb9 3a0c 39dd 2e55 3c41 1 1 1 1 1 1 1 1 1 0 0 0 
1 3ab3 80 0 29b1 08 1 3a34 92 0 363c 59 1 3819 e6 0 3952 2e 1 3b5d 77 0 3b94 79 1 1 0 0 0 0000 0000 0000 0000 0000 0000 0000 0000 1 1 1 1 1 1 0 1 0 1 0 1 
1 22ca 01 1 3359 ce 0 3b89 54 0 357c dd 1 3a6f a7 0 3bbe ef 1 3226 74 0 32c8 be 1 1 0 0 0 0000 0000 0000 0000 0000 0000 0000 0000 1 1 1 1 1 1 0 1 1 0 0 1 
1 3a5e 40 0 3a2e 4e 0 34da 10 0 38f7 5c 1 3600 22 0 3bb0 6f 0 31ee f2 1 3bc9 be 1 0 0 0 0 0000 0000 0000 0000 0000 0000 0000 0000 1 1 1 1 1 1 0 1 1 1 0 0 
1 2e3c 40 1 319f 8d 1 2cff 51 1 3926 1b 0 38dc e2 0 3a59 2b 0 283c 35 1 3527 7b 0 1 0 0 0 0000 0000 0000 0000 0000 0000 0000 0000 1 1 1 1 1 1 0 1 0 0 0 1 
1 27db 04 0 37be cf 0 3872 d6 1 29d8 de 0 3577 22 1 38b1 2a 0 353a b0 1 3b19 fc 0 0 0 0 0 0000 0000 0000 0000 0000 0000 0000 0000 1 1 1 1 1 1 1 1 1 1 1 0 
1 379f 41 0 3659 4d 0 35ea 11 0 3303 d9 1 2d9f 60 0 372e 68 0 3a4a 76 0 386a 7c 0 0 0 0 0 0000 0000 0000 0000 0000 0000 0000 0000 1 1 1 1 1 1 1 1 0 1 0 1 
1 3bc7 c2 0 36b7 c8 1 38fe 54 1 3994 da 1 28a2 a5 1 2fe9 6a 0 3a0e 77 0 3b48 3c 1 1 0 0 0 0000 0000 0000 0000 0000 0000 0000 0000 1 1 1 1 1 1 1 1 1 1 1 1 
1 3a3e 44 0 3988 4d 1 345f 17 0 38d0 1e 0 2b24 a1 0 380f ee 0 317a 34 0 3b62 ba 0 0 0 0 0 0000 0000 0000 0000 0000 0000 0000 0000 1 1 1 1 1 1 1 1 1 0 1 1 
1 36c2 81 0 3b48 4b 0 24f1 d4 1 35da 5e 0 1f72 21 0 3926 6d 1 3b59 f2 0 3528 3d 0 1 0 0 0 0000 0000 0000 0000 0000 0000 0000 0000 1 1 1 1 1 1 1 1 1 1 1 1 
1 3b53 03 0 38a8 8a 1 3b1e 94 1 35de 9e 1 345d a6 0 3059 a8 0 3a9d f0 0 36f6 fe 1 0 0 0 0 0000 0000 0000 0000 0000 0000 0000 0000 1 1 1 1 1 1 1 1 0 1 0 0 
1 3ae4 c5 1 3a4d ce 1 26df 90 0 3503 9f 0 3a14 e6 1 36fa ac 1 378e 33 1 3816 7e 0 1 0 0 0 0000 0000 0000 0000 0000 0000 0000 0000 1 1 1 1 1 1 1 1 1 1 0 1 
1 3b16 41 1 36b6 4b 0 3916 d3 1 3926 da 1 3bf9 64 1 3829 6c 0 3396 b1 1 3801 3d 0 0 1 7 0 3f12 3e4a 371e 3f4f 0000 3f30 391c 39f5 1 1 1 1 1 1 1 1 1 1 1 1 
1 2cef 04 1 388a ca 1 34a4 91 0 3bf3 58 0 3724 e6 0 3881 6c 1 3804 b5 0 3a71 bb 0 1 0 0 0 0000 0000 0000 0000 0000 0000 0000 0000 1 1 1 1 1 1 1 1 1 0 1 0 
1 39e3 46 1 3b1d 0d 0 3906 17 0 388e dd 1 3bbc e7 1 3aa4 29 0 38a5 b6 1 3a23 ff 0 0 1 7 1 360b 3fa8 3cd9 0000 3970 0000 3fc2 3af2 1 1 1 1 1 1 1 1 0 1 1 1 
1 3908 c3 1 2914 48 1 33d3 55 1 3872 da 1 370b e2 0 3b4c 6a 1 36e3 36 1 3a56 78 1 0 0 0 0 0000 0000 0000 0000 0000 0000 0000 0000 1 1 1 1 1 1 1 1 1 0 1 1 
1 380f 01 0 3471 4c 0 3bc8 91 0 34fc 98 0 2d0e 60 1 3263 ee 0 3b25 f2 1 368f ff 1 1 0 0 0 0000 0000 0000 0000 0000 0000 0000 0000 1 1 1 1 1 1 1 0 1 0 0 0 
1 32b5 46 0 350b ce 1 3152 53 0 3be3 5f 1 34bc 63 0 316d ad 0 3a68 b4 1 38b9 f9 0 1 1 7 2 3b69 0000 3eb7 3597 32ee 0000 33c1 3781 1 1 1 1 1 1 1 0 1 1 1 1 
1 380a 40 0 3970 c9 0 38c8 57 1 3abd 9a 1 3b84 a3 1 3a15 ab 0 2bcf b5 1 3095 7a 1 1 1 7 3 3afc 0000 4173 3ffc 2f01 3738 3ec8 3e7f 1 1 1 1 1 1 1 0 0 1 1 1 
1 3466 00 1 2998 4c 1 2c22 55 1 3820 9f 1 38a3 21 0 3b6c ea 1 2434 b2 1 34bb 7d 1 0 0 0 0 0000 0000 0000 0000 0000 0000 0000 0000 1 1 1 1 1 1 1 0 0 0 1 0 
1 3863 44 1 3a5c 4a 0 383b 55 0 32fb dc 1 2f19 24 1 3856 69 1 2d2f b0 1 396f 3e 1 1 0 0 0 0000 0000 0000 0000 0000 0000 0000 0000 1 1 1 1 1 1 1 0 1 1 0 1 
1 3bc6 85 1 3a95 89 0 3932 d2 1 3b44 98 1 3a7c a3 1 2d22 6f 0 3a22 31 0 36a8 7b 1 1 0 0 0 0000 0000 0000 0000 0000 0000 0000 0000 1 1 1 1 1 1 1 0 1 0 1 0 
1 2cbc 84 0 3018 cb 1 3a0c 15 0 3bd3 58 0 38dd a2 1 2cf2 aa 1 384b 71 1 278b f9 0 1 0 0 0 0000 0000 0000 0000 0000 0000 0000 0000 1 1 1 1 1 1 1 0 0 0 1 1 
1 3aac 87 0 3100 cc 0 3ad4 55 1 3b4f 9d 1 389d a6 0 3bdc ea 1 36d7 f1 1 3b7f 39 1 0 0 0 0 0000 0000 0000 0000 0000 0000 0000 0000 1 1 1 1 1 1 1 0 0 0 1 1 
1 368e 07 1 390c ca 1 3710 d5 1 366f 5a 0 3a8b 20 0 2f5b ef 0 35e5 74 1 3735 bc 1 1 0 0 0 0000 0000 0000 0000 0000 0000 0000 0000 1 1 1 1 1 1 1 0 1 1 0 0 
1 30e2 82 0 391e 0a 1 36cb 16 1 3b23 58 0 3967 a2 1 3495 a9 0 3bd2 b1 1 3b63 7b 0 1 0 0 0 0000 0000 0000 0000 0000 0000 0000 0000 1 1 1 1 1 1 1 0 1 1 0 1 
1 3af6 41 0 36c1 c9 0 3b5a d0 1 39c6 1f 0 30d6 a4 1 344e ed 1 1cab f7 1 34af 78 0 0 0 0 0 0000 0000 0000 0000 0000 0000 0000 0000 1 1 1 1 1 1 1 0 0 1 0 1 
1 35a9 c3 0 3736 cb 1 3b7b 57 1 305e 1d 0 34e2 a3 0 2e58 6a 0 347a b2 1 38f5 fb 1 1 0 0 0 0000 0000 0000 0000 0000 0000 0000 0000 1 1 1 1 1 1 1 0 1 1 0 1 
1 3baa c0 0 2bb7 8d 0 36bb 53 1 3699 19 0 3005 e2 0 3560 68 0 3a80 f0 0 3a2f b8 0 0 0 0 0 0000 0000 0000 0000 0000 0000 0000 0000 1 1 1 1 1 1 1 0 0 1 0 0 
1 3a0c 46 1 3a3b 0f 0 3be5 55 1 36d8 5c 1 2c98 60 1 391b 6a 1 3b5f b4 0 39c1 be 0 0 0 0 0 0000 0000 0000 0000 0000 0000 0000 0000 1 1 1 1 1 1 1 0 1 0 0 0 
1 3b42 41 0 3593 cd 0 3294 16 1 3bd7 9a 1 3511 e0 1 383d e9 1 3a4f f3 1 35a5 f9 1 1 0 0 0 0000 0000 0000 0000 0000 0000 0000 0000 1 1 1 1 1 1 1 0 0 0 1 0 
1 36c7 45 1 3b03 09 0 377a d4 0 3915 d9 0 39d8 a0 0 3636 6c 0 33ce b2 1 2d90 fc 1 0 0 0 0 0000 0000 0000 0000 0000 0000 0000 0000 1 1 1 1 1 1 1 0 0 0 1 0 
1 3bff 82 1 3208 8c 0 355a d4 0 395e 18 1 3919 e2 0 2c8e 28 0 3b61 74 1 2ff6 ba 1 0 0 0 0 0000 0000 0000 0000 0000 0000 0000 0000 1 1 1 1 1 1 1 0 1 1 0 0 
1 3840 c0 0 37d8 8a 1 3a58 53 1 36c7 9b 0 3194 a5 1 322b ad 0 3320 70 0 3890 ba 1 0 0 0 0 0000 0000 0000 0000 0000 0000 0000 0000 1 1 1 1 1 1 1 0 0 0 0 0 
1 349e 84 1 2805 cc 1 399c 11 1 3a3a 5f 1 35eb e2 0 3a38 ea 0 367c 76 1 3b20 79 1 1 0 0 0 0000 0000 0000 0000 0000 0000 0000 0000 1 1 1 1 1 1 1 0 0 0 0 1 
1 3add 02 1 3723 c8 0 3b9b d7 0 3928 1f 0 2dec a4 1 3775 6d 0 3b92 b0 1 38fc 38 1 1 0 0 0 0000 0000 0000 0000 0000 0000 0000 0000 1 1 1 1 1 1 1 0 0 1 0 1 
1 39e2 c4 0 39d3 cb 1 3144 57 0 3bfb da 0 3b1d a7 0 3adc 2d 1 2976 77 0 3abd f8 0 0 0 0 0 0000 0000 0000 0000 0000 0000 0000 0000 1 1 1 1 1 1 1 0 1 0 1 0 
1 3be4 80 0 3b98 4d 1 38ac 96 0 2a9e 18 0 38dd 26 0 33b3 a8 1 3046 73 0 38b0 bb 0 0 0 0 0 0000 0000 0000 0000 0000 0000 0000 0000 1 1 1 1 1 1 1 0 1 1 1 0 
1 38d1 81 0 38c9 4b 0 3afe d2 0 38c2 1c 0 398a 20 0 3ac7 2f 0 3a60 b5 1 3ac6 3f 0 0 0 0 0 0000 0000 0000 0000 0000 0000 0000 0000 1 1 1 1 1 1 1 0 0 0 0 1 
1 3745 05 1 314f ca 1 2f8d 17 1 347e 1c 1 322d 21 1 3a18 ea 0 2c8d 71 0 3868 38 0 0 0 0 0 0000 0000 0000 0000 0000 0000 0000 0000 1 1 1 1 1 1 1 0 0 0 0 0 
1 3b63 c2 0 34b9 4c 0 3753 92 1 35ec 19 1 35db 61 0 348d 28 0 269a f7 1 34fc b8 0 1 0 0 0 0000 0000 0000 0000 0000 0000 0000 0000 1 1 1 1 1 1 1 0 1 0 0 1 
1 3865 41 1 3158 cf 1 25d7 d4 0 2aee 1a 0 3524 25 1 388f ac 0 3b09 f4 0 386c f8 1 0 0 0 0 0000 0000 0000 0000 0000 0000 0000 0000 1 1 1 1 1 1 1 0 0 1 1 1 
1 26dd 43 1 28ea 8e 0 3844 17 1 38fc 5b 0 3717 e0 0 3bb6 eb 1 3895 b7 0 39b5 be 1 0 0 0 0 0000 0000 0000 0000 0000 0000 0000 0000 1 1 1 1 1 1 1 0 1 0 1 0 
1 3652 87 1 3b0d 48 0 2bc5 d5 0 3238 5c 1 38ff 64 0 3ab8 68 1 3a7f f0 1 3039 fb 0 0 0 0 0 0000 0000 0000 0000 0000 0000 0000 0000 1 1 1 1 1 1 1 0 0 1 1 1 
1 37ce 47 0 37d5 8b 1 2792 97 1 3937 5e 0 311d 64 0 3a9a ef 1 3894 f0 1 2bc1 bb 0 0 0 0 0 0000 0000 0000 0000 0000 0000 0000 0000 1 1 1 1 1 1 1 0 1 1 1 1 
1 3a71 c1 0 3a1a 0e 0 399d 92 0 34c6 df 0 24b8 65 0 39c2 6c 1 39b6 76 1 39fb bd 1 1 0 0 0 0000 0000 0000 0000 0000 0000 0000 0000 1 1 1 1 1 1 1 0 1 1 1 1 
1 3966 07 0 387c 8d 0 3825 d6 1 3830 d9 1 3862 20 1 35fb ea 1 3a19 f4 0 39dd fc 0 1 0 0 0 0000 0000 0000 0000 0000 0000 0000 0000 1 1 1 1 1 1 1 0 1 1 1 1 
1 3897 05 0 3308 4c 0 21f7 d0 0 3b78 9a 0 39ed 22 1 3508 ed 0 3418 b4 0 3826 fb 0 0 0 0 0 0000 0000 0000 0000 0000 0000 0000 0000 1 1 1 1 1 1 1 0 1 1 1 1 
1 38c0 80 0 38e2 cd 1 36f1 56 0 364f 99 1 33cf a0 1 3224 ad 0 38c1 b4 0 3aae 3d 0 0 0 0 0 0000 0000 0000 0000 0000 0000 0000 0000 1 1 1 1 1 1 1 0 1 1 1 1 
1 345a c3 0 38b6 8d 1 27b4 d0 1 3602 5b 0 39f5 26 1 3427 6e 0 3866 75 1 3a8d 38 1 0 0 0 0 0000 0000 0000 0000 0000 0000 0000 0000 1 1 1 1 1 1 1 0 1 1 1 1 
1 30b1 81 1 36b2 ca 1 3962 d4 0 3b67 5c 1 376c a7 1 3a8e 2f 1 3b9c f0 0 3674 be 0 0 0 0 0 0000 0000 0000 0000 0000 0000 0000 0000 1 1 1 1 1 1 1 0 1 1 1 1 
1 313d 04 1 38b3 89 0 356d d7 1 36a2 df 0 3821 23 1 3726 6e 0 3abf f0 1 3b15 7f 1 0 0 0 0 0000 0000 0000 0000 0000 0000 0000 0000 1 1 1 1 1 1 1 0 1 1 1 1 
1 3b2e 40 0 39e5 48 0 35c9 13 0 2dc2 9d 1 374d a3 1 336a e9 1 3a96 f2 0 343d fa 0 1 0 0 0 0000 0000 0000 0000 0000 0000 0000 0000 1 1 1 1 1 1 1 0 1 1 1 1 
1 38f6 c7 1 379a 8a 0 3b28 96 1 3428 1a 0 3aec a1 0 237c 29 1 3957 b5 0 3ac1 7d 1 1 0 0 0 0000 0000 0000 0000 0000 0000 0000 0000 1 1 1 1 1 1 1 0 1 1 1 1 
1 3ac3 c1 0 256d 4a 0 2b3c 14 1 39a5 5d 1 3906 a4 0 3a01 2f 1 3260 b5 1 2693 7a 0 1 0 0 0 0000 0000 0000 0000 0000 0000 0000 0000 1 1 1 1 1 1 1 0 1 1 1 1 
1 3914 c0 1 2ca8 cb 1 364f 12 1 3718 59 1 370c a7 0 3a11 2e 0 3726 b3 1 344c 3c 0 1 0 0 0 0000 0000 0000 0000 0000 0000 0000 0000 1 1 1 1 1 1 1 0 1 1 1 1 
1 383e 44 0 39c0 cd 0 3a2a d0 0 344b 5b 1 3ac2 a3 1 3846 6b 0 36b1 72 1 2cae fa 1 1 0 0 0 0000 0000 0000 0000 0000 0000 0000 0000 1 1 1 1 1 1 1 1 1 1 1 1 
1 35a1 81 0 3048 09 0 3664 17 1 3a8d 58 0 3b2c e1 0 3867 2f 1 3866 f3 1 2d3a fe 1 0 0 0 0 0000 0000 0000 0000 0000 0000 0000 0000 1 1 1 1 1 1 1 1 1 1 1 1 
1 2ceb 81 0 3841 4d 1 2edf d4 1 38ac 5c 1 37aa 25 0 35a4 69 1 398f b0 0 1d2f 7c 1 1 0 0 0 0000 0000 0000 0000 0000 0000 0000 0000 1 1 1 1 1 1 1 1 1 1 1 1 
1 3be8 43 0 2cdd 8b 1 2e13 97 0 3bd9 19 0 3919 64 1 3943 2a 1 29b0 73 1 36bd fc 0 1 0 0 0 0000 0000 0000 0000 0000 0000 0000 0000 1 1 1 1 1 1 1 1 1 1 1 1 
1 348d 42 1 3474 8c 1 2f89 52 1 3885 9c 0 2530 27 1 3816 29 1 3ae0 b1 0 398b fd 1 1 0 0 0 0000 0000 0000 0000 0000 0000 0000 0000 1 1 1 1 1 1 1 1 1 1 1 1 
1 2fc2 80 1 31fe 09 0 3599 15 0 3ae8 19 0 2c13 62 0 2f79 6b 1 3303 36 1 3bc0 bc 0 0 0 0 0 0000 0000 0000 0000 0000 0000 0000 0000 1 1 1 1 1 1 1 1 1 1 1 1 
1 2a12 81 1 363a 89 1 3bea 90 0 39ee 1a 0 35ae 26 0 3961 6b 1 1de0 73 1 37a9 7d 0 1 0 0 0 0000 0000 0000 0000 0000 0000 0000 0000 1 1 1 1 1 1 1 1 1 1 1 1 
1 3621 44 0 3b5f 0c 1 3a75 94 1 36da de 0 3a37 a7 0 364f 29 0 391c b3 1 3a5c fa 1 0 1 0 0 3c43 3ea1 4116 39a9 3e29 3e17 3a62 3ed9 0 1 1 1 1 1 1 1 0 1 0 1 
1 3b58 00 0 3a44 4d 0 39b2 d5 0 2951 5a 1 3a51 a5 1 3745 ee 0 3914 37 1 3890 bf 1 0 0 0 0 0000 0000 0000 0000 0000 0000 0000 0000 0 1 1 1 1 1 1 1 0 0 0 1 
1 3691 47 0 37e7 4d 1 3867 52 1 3ad3 18 1 2cf7 e5 0 1755 2a 0 387e 30 1 319d fc 0 1 0 0 0 0000 0000 0000 0000 0000 0000 0000 0000 0 1 1 1 1 1 1 1 1 1 1 1 
1 39f0 45 1 28dc 8f 1 34b8 91 0 36dd 18 1 2e9e 24 0 3b4e ee 0 3bb1 b7 1 3173 bb 1 1 1 0 1 2f3b 3e69 39f5 4127 3c81 3ad2 409f 0000 0 1 1 1 1 1 1 1 1 1 0 1 
1 3a8e 85 0 3a2b 0d 0 3a78 d5 0 3648 9c 1 36f8 26 1 3a34 6f 0 34e9 74 1 36dc fd 1 1 1 0 2 3cca 357a 405a 3bf7 3c72 3fc8 3bca 37ba 0 1 1 1 1 1 1 1 0 0 0 0 
1 3925 85 1 3a34 8d 0 3060 94 0 366d 1c 1 39be a3 0 2da3 ec 0 393d f4 1 3bd8 f8 0 0 1 0 3 3dc2 0000 3aaa 3a79 0000 3ea5 37d6 38f6 0 1 1 1 1 1 1 1 1 1 1 0 
1 344a 44 0 3449 cd 0 3177 95 1 3624 9d 1 366b a4 1 37e3 a8 0 3467 32 1 3a2c 39 0 0 0 0 0 0000 0000 0000 0000 0000 0000 0000 0000 0 1 1 1 1 1 1 1 1 0 0 0 
1 3bc8 02 1 3798 88 0 232d 57 1 3970 1f 0 3a58 62 0 3972 a8 0 39bf 36 1 299d ff 0 0 0 0 0 0000 0000 0000 0000 0000 0000 0000 0000 0 1 1 0 1 1 1 1 0 1 1 1 
1 30c9 44 1 34d0 0e 1 3bec 94 0 3823 de 0 398a 64 0 397a 6a 1 30bf b6 1 31e0 3a 0 1 0 0 0 0000 0000 0000 0000 0000 0000 0000 0000 0 1 1 1 1 1 1 1 1 0 1 0 
1 3bb2 00 1 382f 4f 1 3bde 10 1 397c 1a 1 2117 a0 0 3348 69 0 37ce b1 1 2eff 79 1 1 0 0 0 0000 0000 0000 0000 0000 0000 0000 0000 0 1 1 1 1 1 1 1 1 0 1 1 
1 3380 84 0 3a3f 09 0 3732 94 1 2f71 db 1 3ab7 e5 0 3b36 2e 0 29e1 b0 1 3441 fb 1 1 0 0 0 0000 0000 0000 0000 0000 0000 0000 0000 1 1 1 1 1 1 1 1 0 1 0 1 
1 37e7 43 0 3b44 8d 0 3083 d1 0 3b8f 5a 0 39e3 21 1 39dc 2d 1 3bba 71 0 3abf 79 1 0 0 0 0 0000 0000 0000 0000 0000 0000 0000 0000 1 1 1 1 1 1 1 1 0 0 0 0 
1 3a9a 47 1 3123 0f 0 2ef6 90 1 2ce2 1e 1 351c 24 0 34af 2b 1 3092 b4 1 3b7e fb 0 0 0 0 0 0000 0000 0000 0000 0000 0000 0000 0000 1 1 1 1 1 1 1 1 0 1 0 0 
1 351c c3 0 38ea 4d 1 3a9f 96 0 3850 5f 0 362e a0 1 2109 2d 1 3688 f3 0 2b42 79 1 0 0 0 0 0000 0000 0000 0000 0000 0000 0000 0000 1 1 1 1 1 1 1 1 0 1 1 1 
1 394b 81 0 2d57 ce 0 35f1 d1 1 39d8 5b 0 3a28 e0 1 34d5 6e 1 3289 30 1 2802 bb 0 0 0 0 0 0000 0000 0000 0000 0000 0000 0000 0000 1 1 1 1 1 1 1 1 0 0 0 1 
1 3b49 06 0 35c2 4b 1 3a3f d4 1 3310 99 0 3473 62 1 3878 2d 0 35b4 f6 0 395d b9 0 0 0 0 0 0000 0000 0000 0000 0000 0000 0000 0000 1 1 1 1 1 1 1 1 0 0 0 0 
1 3a6f 40 1 30d2 4a 1 395f 10 0 2be8 5f 1 2fd5 a2 0 39dc af 1 34ef b2 0 3acf f9 1 0 0 0 0 0000 0000 0000 0000 0000 0000 0000 0000 1 0 1 1 1 1 1 1 1 1 1 1 
1 3899 01 0 3b68 0e 1 30bd 15 0 3702 1b 1 35ce a7 0 35de e9 0 3379 f5 0 34ea 3b 1 0 0 0 0 0000 0000 0000 0000 0000 0000 0000 0000 1 0 1 1 1 1 1 1 1 0 0 0 
1 2beb 43 0 3a0a cd 1 371d d7 1 33fc d8 0 2c35 e7 0 3a86 2b 1 3894 f2 0 34d6 fb 0 1 0 0 0 0000 0000 0000 0000 0000 0000 0000 0000 1 0 1 1 1 1 1 1 1 0 1 0 
1 3b10 47 1 38a5 88 1 30df d0 1 36c1 99 1 33f7 23 0 308f 68 0 33af b7 1 2ca3 3b 0 1 1 1 0 29b2 3e5d 3ef3 3da0 3d33 0000 0000 40dc 1 0 1 1 1 1 1 1 0 1 0 1 
1 3751 84 1 2fb9 8d 0 3832 95 1 3b9c 5e 1 38cb 66 0 31d8 2d 0 391a 75 1 360f 38 0 1 1 1 1 2915 3d85 0000 3ecc 3a04 4154 3b9f 3a49 1 0 1 1 1 1 1 1 1 1 0 1 
1 332a c0 1 3002 ca 1 3799 d0 1 39a3 1d 0 3b1b a5 0 3902 29 0 3582 37 1 2c07 7e 1 1 1 1 2 35bb 396d 41e4 3b96 3a06 3a1d 3bad 28dd 1 0 1 1 1 1 1 1 1 1 0 0 
1 3648 47 0 3986 8c 1 3791 52 1 3abd 1d 0 346c 20 1 3a9e af 0 3ba6 f5 0 3789 bb 0 1 1 1 3 3c3b 3d5e 402b 3d84 38da 38e2 3d36 3c61 1 0 1 1 1 1 1 1 0 1 1 0 
1 3445 04 0 35ec 49 0 2c6d 17 0 25e7 9f 0 3a31 a2 0 3381 6a 1 3909 b5 0 39e0 78 1 1 0 0 0 0000 0000 0000 0000 0000 0000 0000 0000 1 0 1 1 1 1 1 1 0 1 0 1 
1 39a1 44 1 2853 89 0 385c 92 0 399d 9f 1 393c e4 0 2a67 2b 0 34d8 f3 1 3a41 7c 1 1 0 0 0 0000 0000 0000 0000 0000 0000 0000 0000 1 0 1 1 1 1 1 1 1 0 0 0 
1 36c9 c3 1 38e4 0a 0 36b3 52 0 3433 db 0 345e a0 0 2f79 a8 1 38f8 71 0 3b09 ba 0 1 0 0 0 0000 0000 0000 0000 0000 0000 0000 0000 1 0 1 1 1 1 1 1 0 0 1 0 
1 370b 02 0 316e 09 0 3842 13 1 3b6b db 1 379b a1 0 3b6c 2f 0 3860 b0 0 3aed fb 1 0 0 0 0 0000 0000 0000 0000 0000 0000 0000 0000 1 0 1 1 1 1 1 1 1 1 1 1 
1 3932 02 0 304c 4c 1 3487 15 1 3bdd 9c 1 388f a3 0 2171 6d 0 2e35 70 1 272f 7e 0 1 0 0 0 0000 0000 0000 0000 0000 0000 0000 0000 1 1 1 1 1 1 1 1 1 0 0 0 
1 378b 04 1 393c 0b 1 250d 96 1 3867 9c 0 38f6 a7 1 25c6 2f 1 39c1 74 0 329f f9 0 0 0 0 0 0000 0000 0000 0000 0000 0000 0000 0000 1 1 1 1 1 1 1 1 1 1 0 1 
1 3bd3 07 1 2ff8 08 0 33a6 91 1 39ef 5c 0 1cc3 a3 1 3ac2 6a 0 3b44 70 1 3450 3f 1 0 0 0 0 0000 0000 0000 0000 0000 0000 0000 0000 1 1 1 1 1 1 1 1 1 0 1 1 
1 370d c1 0 3a8f 0e 1 3b43 14 0 2cf8 99 0 3ae7 22 0 30a2 2d 1 399f 32 0 3b31 78 1 1 0 0 0 0000 0000 0000 0000 0000 0000 0000 0000 1 1 0 1 1 1 1 1 0 1 0 1 
1 389f 06 0 396f cd 0 37bc 92 0 3613 9b 0 3b1a 65 0 3999 ea 0 352f b3 0 35bd f8 1 0 0 0 0 0000 0000 0000 0000 0000 0000 0000 0000 1 1 0 1 1 1 1 1 1 1 0 1 
1 3a5c c0 1 3732 c8 0 38bd 55 1 37a2 1c 1 3801 64 1 301f eb 0 3546 f4 1 3496 3f 1 0 0 0 0 0000 0000 0000 0000 0000 0000 0000 0000 1 1 0 1 1 1 1 1 0 1 1 0 
1 3a2a 02 1 3ace 48 0 39d7 94 0 24da db 0 3a50 a4 1 3914 ac 0 3b3c 70 0 293e 39 0 0 0 0 0 0000 0000 0000 0000 0000 0000 0000 0000 1 1 0 1 1 1 1 1 0 0 0 1 
1 3ae3 46 1 3847 0b 1 3816 90 0 39b5 9b 0 38fd a0 0 338f ea 0 3923 f7 1 37b9 3e 0 1 0 0 0 0000 0000 0000 0000 0000 0000 0000 0000 1 1 0 1 1 1 1 1 0 0 1 1 
1 3bc2 c0 1 245d 0e 1 3751 97 0 3b13 98 1 37ed 20 1 3953 6c 1 3acd b2 0 38ab f9 0 0 1 2 0 3bde 399c 4015 0000 4016 0000 3d6f 3c38 1 1 0 1 1 1 1 1 0 0 0 1 
1 3b2e 06 0 3bc0 cb 1 3445 d0 1 3409 5d 0 3975 a0 0 3096 2a 0 3554 32 0 312c f8 1 1 0 0 0 0000 0000 0000 0000 0000 0000 0000 0000 1 1 0 1 1 1 1 1 0 0 1 0 
1 3acc 04 1 3765 c8 1 3a14 13 0 3ab0 db 0 3b2a e4 0 34d2 ac 1 3a1f 72 0 38b6 fb 0 0 1 2 1 3fcb 35a4 3e00 3f43 38fe 404c 3bbd 3e2f 1 1 0 1 1 1 1 1 1 1 0 0 
1 3a70 c5 0 3673 89 0 2f9c 17 1 39ac 9f 0 3836 a3 1 36d0 ee 1 354d 77 1 3710 7a 1 0 0 0 0 0000 0000 0000 0000 0000 0000 0000 0000 1 1 0 1 1 1 1 1 1 0 0 1 
1 2e60 47 1 37dd ce 1 3990 50 1 24a9 59 1 3a88 a4 1 2e54 ed 0 3b28 73 0 38a4 b8 0 1 0 0 0 0000 0000 0000 0000 0000 0000 0000 0000 1 1 0 1 1 1 1 1 0 0 0 0 
1 3952 c1 1 39bd 8c 1 391b 13 0 39fc 5e 0 366f e2 1 3183 a9 1 3698 f6 0 2929 fe 0 0 1 2 2 2ef6 0000 3e36 3ec8 404a 3d7a 3b73 3a21 1 1 0 1 1 1 1 1 0 1 0 1 
1 39cc c7 0 360f 09 0 3b0a 57 0 34eb 19 1 3a1c e6 1 3804 ab 0 3864 37 1 35b5 3a 0 0 0 0 0 0000 0000 0000 0000 0000 0000 0000 0000 1 1 0 1 1 1 1 1 0 0 1 1 
1 3989 c7 0 3074 0d 0 2c57 11 0 35c3 98 0 3bca e6 1 3858 ec 0 3a4b 35 1 3292 b8 1 0 0 0 0 0000 0000 0000 0000 0000 0000 0000 0000 1 1 0 1 1 1 1 1 0 1 0 1 
1 381e c3 1 3622 0e 1 360b d5 1 313c df 0 3765 27 1 3959 ad 0 3a13 b7 0 3be3 7c 0 0 0 0 0 0000 0000 0000 0000 0000 0000 0000 0000 1 1 0 1 1 1 1 1 0 0 0 0 
1 39b0 05 1 3752 c9 1 387f 51 0 3420 99 1 2a97 e0 0 3227 6c 1 3a41 b5 1 392b ff 1 1 0 0 0 0000 0000 0000 0000 0000 0000 0000 0000 1 1 0 1 1 1 1 1 1 0 1 1 
1 378c 42 0 3452 0b 0 3225 12 0 3886 9f 1 24f6 a6 0 39c2 ed 1 2e10 f7 1 3829 fe 1 1 1 2 3 4188 35f1 4023 3916 3b42 3c10 3c4b 3a45 1 1 0 1 1 1 1 1 0 1 1 1 
1 3aa6 82 0 2bb7 c9 0 37bd d3 0 3188 5c 0 38a3 26 1 391e a8 1 32fc b4 0 30cc bc 0 0 0 0 0 0000 0000 0000 0000 0000 0000 0000 0000 1 1 0 1 1 1 1 1 1 1 1 1 
1 3788 82 0 34aa 4f 0 3b38 93 1 2d32 9a 1 331b a3 1 261f 6d 1 323a 75 0 2dc6 ba 1 1 0 0 0 0000 0000 0000 0000 0000 0000 0000 0000 1 1 0 1 1 1 1 1 1 0 1 0 
1 3264 86 1 3b0f 0b 1 3911 50 1 38ad 19 0 389b 62 1 3a88 ec 0 39fd b5 0 3a28 bd 1 0 0 0 0 0000 0000 0000 0000 0000 0000 0000 0000 1 1 0 1 1 1 1 1 0 1 1 1 
1 3037 45 0 2d38 0b 1 3b74 10 1 2fb7 1b 1 3b52 63 1 3b04 2b 1 30bc 71 1 3320 fb 1 0 0 0 0 0000 0000 0000 0000 0000 0000 0000 0000 1 1 0 1 1 1 1 1 1 1 1 0 
1 3929 00 0 349f ce 1 3b53 54 1 38dc d8 0 3204 23 1 39f5 ad 1 2448 f0 0 3830 bf 1 1 0 0 0 0000 0000 0000 0000 0000 0000 0000 0000 1 1 1 1 1 1 1 1 1 0 1 1 
1 3a04 87 1 360e 0c 0 3908 d0 0 2fb4 de 0 3b51 27 1 3bde ab 1 3587 b7 1 3b83 f8 0 0 0 0 0 0000 0000 0000 0000 0000 0000 0000 0000 1 1 1 1 1 1 1 1 1 0 0 1 
1 34d4 81 1 387a ca 1 3ba4 92 1 3453 5d 1 3578 65 1 367c ef 0 35fe 34 0 3027 fd 0 0 0 0 0 0000 0000 0000 0000 0000 0000 0000 0000 1 1 1 1 1 1 1 1 1 1 0 1 
1 3aed 81 0 396f 4a 0 33f6 10 1 3b5e 9c 1 3b73 61 0 381c af 0 384a b4 0 3a41 7b 0 1 0 0 0 0000 0000 0000 0000 0000 0000 0000 0000 1 1 1 1 1 1 1 1 0 1 1 1 
1 310b 47 0 3a2f 8e 1 370f 16 1 32e1 d8 0 3418 61 1 3ab9 6e 1 3016 b6 1 2b4b 3d 0 1 0 0 0 0000 0000 0000 0000 0000 0000 0000 0000 1 1 1 1 1 1 1 1 0 0 0 0 
1 317e c2 0 3bd6 4b 1 351e d2 0 396c 9d 1 38ab 66 0 3ade 28 1 385a 36 0 3263 fe 1 0 0 0 0 0000 0000 0000 0000 0000 0000 0000 0000 1 1 1 1 1 1 1 1 0 1 0 1 
1 304d c6 0 3aa7 0e 0 3a71 15 1 3897 de 0 3b26 27 1 2ce6 ab 0 3945 70 0 3bff 7f 1 0 0 0 0 0000 0000 0000 0000 0000 0000 0000 0000 1 1 1 0 1 1 1 1 1 1 0 1 
1 2dca 46 1 392f 4e 1 34ab 56 1 3988 5a 0 3883 25 0 2b07 ab 0 3709 b4 0 36d2 fd 0 1 0 0 0 0000 0000 0000 0000 0000 0000 0000 0000 1 1 1 0 1 1 1 1 0 0 0 1 
1 3254 03 0 3900 cf 0 2c9a 12 1 3bc5 1e 0 2797 a1 1 3b07 ac 1 3685 b3 1 3897 bf 0 1 1 3 0 41e4 3c06 397c 3702 3ca3 35ff 2ce2 0000 1 1 1 0 1 1 1 1 0 1 1 1 
1 3a75 81 1 355f 08 1 3b35 16 0 2ca4 5b 0 3ba2 67 0 3b99 6d 0 39e1 f0 1 34af 7b 1 0 1 3 1 0000 3d6f 2952 344b 4180 3d77 3b9c 3f4d 1 1 1 0 1 1 1 1 0 1 0 0 
1 33aa 05 0 3868 cb 0 2ddd 52 0 3249 de 1 2c7a a4 1 2e09 2e 0 3bd5 f4 1 3ab6 78 0 0 0 0 0 0000 0000 0000 0000 0000 0000 0000 0000 1 1 1 0 1 1 1 1 0 0 1 1 
1 3224 c6 1 3585 4a 0 37a7 54 1 3b98 9f 1 3b5c a0 1 390c ab 0 30b2 b3 1 3be1 3b 0 0 0 0 0 0000 0000 0000 0000 0000 0000 0000 0000 1 1 1 0 1 1 1 1 1 0 1 1 
1 3a35 03 0 3709 0c 1 3376 d4 0 3833 99 0 382b e0 1 3948 a8 1 34e4 b5 1 376c 7e 1 1 0 0 0 0000 0000 0000 0000 0000 0000 0000 0000 1 1 1 0 1 1 1 1 1 1 0 1 
1 3bd3 87 1 32a4 8c 0 3b96 16 0 3a9d dc 0 388d 66 1 3ad2 ab 0 396e 72 0 38dd 3d 0 1 1 3 2 3f2b 3cc2 3f9d 0000 3d80 3d8c 35de 4093 1 1 1 0 1 1 1 1 1 0 0 0 
1 384a c4 0 39b2 8c 0 3aa4 10 0 3327 1d 0 35bf e4 1 372e ae 1 3455 f1 1 3895 ff 1 0 1 3 3 0000 4152 4116 4011 3d37 40cc 3781 0000 1 1 1 0 1 1 1 1 0 1 0 0 
1 2f30 80 1 295d 08 1 3b22 17 1 3394 99 0 3aea e5 0 391e 2a 0 3227 75 0 2844 7b 1 0 0 0 0 0000 0000 0000 0000 0000 0000 0000 0000 1 1 1 0 1 1 1 1 0 1 1 0 
1 3bb9 03 0 3960 08 1 2d90 51 1 34ee 59 1 32fe e7 1 21ea a8 1 3458 b3 1 3607 bf 0 0 0 0 0 0000 0000 0000 0000 0000 0000 0000 0000 1 1 1 0 1 1 1 1 1 1 0 0 
1 3863 80 0 333a 09 0 3a1f 90 1 189c 1d 0 2f4c a0 0 39b7 af 0 3a11 74 0 3a4f 3b 0 1 0 0 0 0000 0000 0000 0000 0000 0000 0000 0000 1 1 1 0 1 1 1 1 0 1 1 0 
1 3892 45 1 35f4 0b 0 323d 10 1 3a2b dd 0 293b e5 0 1d1a e8 1 3b65 76 1 3100 3e 0 1 0 0 0 0000 0000 0000 0000 0000 0000 0000 0000 1 1 1 0 1 1 1 1 1 0 0 0 
1 3716 00 0 3a49 cf 0 394f 56 0 3937 1a 1 347b a4 1 38df ae 1 3a3e 75 1 3bed 38 0 0 0 0 0 0000 0000 0000 0000 0000 0000 0000 0000 1 1 1 1 1 1 1 1 0 1 0 0 
1 3803 c7 1 3b3f 09 0 3b15 13 0 3517 58 0 2761 a5 0 3b6a eb 0 3b70 b5 1 385c fe 0 1 0 0 0 0000 0000 0000 0000 0000 0000 0000 0000 1 1 1 1 1 1 1 1 0 0 1 1 
1 2c9e 81 0 36eb 49 1 3b3b 94 1 2b95 1c 1 362f e2 1 333f 6e 0 32e9 73 0 33f0 3c 0 1 0 0 0 0000 0000 0000 0000 0000 0000 0000 0000 1 1 1 1 1 1 1 1 0 1 0 1 
1 3690 80 0 34b1 cf 1 2ce0 d0 0 385d 5e 0 3867 e0 1 2a96 6b 0 3436 77 1 349b 3e 1 1 0 0 0 0000 0000 0000 0000 0000 0000 0000 0000 1 1 1 1 1 1 1 1 0 0 1 1 
1 324c 83 1 37ce 0e 0 3bc5 d4 1 3ad0 9f 0 3b3f e4 1 3004 ee 0 363d f1 0 2cb6 f9 1 0 0 0 0 0000 0000 0000 0000 0000 0000 0000 0000 1 1 1 1 1 1 1 1 0 1 1 1 
1 3a59 43 1 39bb 8f 1 24a2 12 0 34c1 19 0 3aec 24 1 31ba e8 1 38f2 37 0 340a fd 0 0 0 0 0 0000 0000 0000 0000 0000 0000 0000 0000 1 1 1 1 0 1 1 1 1 1 0 0 
1 3bd3 80 0 36b7 cf 1 3160 d2 0 3b9d 1c 0 37f6 e1 0 2393 6b 1 3989 77 1 2d79 3f 1 1 0 0 0 0000 0000 0000 0000 0000 0000 0000 0000 1 1 1 1 0 1 1 1 1 0 1 1 
1 3ad5 83 1 3af8 8e 1 3408 12 1 35ed 1b 1 3ac5 a6 1 3902 2f 0 2d36 f0 0 35f3 7e 1 0 1 4 0 3d47 3bb9 41d2 39a2 2f19 3524 40ca 4094 1 1 1 1 0 1 1 1 0 1 0 0 
1 38de 82 0 397c 89 0 3923 d3 1 32b1 d8 1 3362 27 0 3693 ee 0 3599 73 1 393e bb 0 1 0 0 0 0000 0000 0000 0000 0000 0000 0000 0000 1 1 1 1 0 1 1 1 1 0 0 0 
1 378f 41 1 3ac1 09 0 2ca4 50 1 3bc6 9d 0 366f 64 1 37c6 ea 0 3af4 f2 1 36d2 39 0 1 1 4 1 30d3 37a9 3ad4 3e94 4044 3578 388d 0000 1 1 1 1 0 1 1 1 0 1 1 0 
1 3a58 06 1 3b68 cf 0 3a2a 10 0 2ca9 dc 1 3b52 e5 1 35d6 ee 1 35e3 31 0 3990 79 0 0 1 4 2 3e33 2799 3d22 4399 40a3 3eeb 331f 409a 1 1 1 1 0 1 1 1 0 0 0 0 
1 35a9 c4 0 39f3 88 1 2e28 17 1 3798 1d 1 394d a0 0 360f af 1 3a70 f2 0 3a95 fd 0 1 0 0 0 0000 0000 0000 0000 0000 0000 0000 0000 1 1 1 1 0 1 1 1 0 0 1 1 
1 3239 00 1 3603 0a 1 39ee 12 0 3721 1c 1 33e5 26 1 3967 e9 1 3671 76 0 356a bc 0 0 1 4 3 3e6d 0000 3925 3e61 3c4c 0000 40fe 3cbd 1 1 1 1 0 1 1 1 0 1 1 0 
1 3694 82 1 3891 c9 1 3a9a d6 0 399a 19 1 3b39 64 1 3813 ee 0 28a5 30 0 340c 7c 0 0 0 0 0 0000 0000 0000 0000 0000 0000 0000 0000 1 1 1 1 0 1 1 1 0 0 0 0 
1 39a9 c1 0 2aef 49 0 3756 13 0 37dc 1b 1 3455 e3 0 3716 2b 1 3243 b5 1 3b56 fa 0 0 0 0 0 0000 0000 0000 0000 0000 0000 0000 0000 1 1 1 1 0 1 1 1 0 1 0 1 
1 3b43 c3 1 3b2c 49 0 3798 14 1 3691 5a 1 39e1 23 1 3bc3 e9 0 3261 76 0 39d0 b9 0 1 0 0 0 0000 0000 0000 0000 0000 0000 0000 0000 1 1 1 1 0 1 1 1 1 0 1 0 
1 3956 c3 1 3ab2 4e 1 36ef 91 1 3402 1b 1 37e5 e1 0 3995 6e 0 3862 b0 0 3a8d 7a 0 1 0 0 0 0000 0000 0000 0000 0000 0000 0000 0000 1 1 1 1 0 1 1 1 1 0 1 1 
1 2adc c7 1 354b 49 0 3bb7 92 1 3980 db 1 36aa a2 0 37d6 2b 0 36fc 33 0 357a fb 0 0 0 0 0 0000 0000 0000 0000 0000 0000 0000 0000 1 1 1 1 1 1 1 1 1 0 0 0 
1 3629 00 0 2dc5 0b 1 34ed 95 1 39df 5f 0 3740 e7 0 3a05 6a 1 3933 32 1 3b8f 39 1 0 0 0 0 0000 0000 0000 0000 0000 0000 0000 0000 1 1 1 1 1 1 1 1 1 0 0 1 
1 34b1 46 1 39e3 cb 1 3987 d1 0 3bf2 5c 1 3a48 e2 0 2a43 6e 0 38de 76 0 38a2 fe 1 0 0 0 0 0000 0000 0000 0000 0000 0000 0000 0000 1 1 1 1 1 1 1 1 1 1 0 0 
1 3204 46 0 37c5 09 0 386f 13 0 33e5 59 0 2faa 66 1 36b3 e9 1 3b33 f4 0 3a77 fe 1 1 0 0 0 0000 0000 0000 0000 0000 0000 0000 0000 1 1 1 1 1 1 1 1 0 0 1 0 
1 39d9 c5 1 38c8 4a 1 341e 95 1 3a75 19 0 3bfa e7 0 3625 28 0 2d76 f4 0 37f2 b8 1 0 0 0 0 0000 0000 0000 0000 0000 0000 0000 0000 1 1 1 1 1 1 1 1 0 0 0 1 
1 38a5 44 1 353a cf 0 3a8e 16 1 3867 99 0 39ac 26 0 3b20 ea 0 3595 32 1 1efd 7f 0 1 0 0 0 0000 0000 0000 0000 0000 0000 0000 0000 1 1 1 1 1 1 1 1 0 0 1 1 
1 30d3 81 0 33f5 0d 0 3895 56 1 3929 df 0 2b6f a3 0 2c65 2c 1 3808 76 0 3954 bc 1 0 1 5 0 3ade 3834 3943 40da 0000 4179 3952 4048 1 1 1 1 1 1 1 1 1 0 1 0 
1 351a 84 0 334b 8f 1 3b27 54 1 2a79 9f 0 338e e4 0 3b3b 28 1 35d7 71 1 3767 be 0 1 0 0 0 0000 0000 0000 0000 0000 0000 0000 0000 1 1 1 1 1 1 1 1 0 1 0 0 
1 3afa 45 0 3ad0 48 0 37ec 90 0 3aa2 dd 1 3356 20 0 3aa0 a8 0 398f b2 1 390f 3e 1 1 1 5 1 3ab8 3c16 40f0 3a6e 4047 3c4a 3c91 37da 1 1 1 1 1 0 1 1 0 0 0 0 
1 35a0 47 1 32e8 4a 1 3a52 d2 0 39ba 5d 1 39e1 a0 1 385b 68 0 3abf f5 0 360f fb 0 0 1 5 2 3eab 3183 2cf2 3bde 3e76 3dd1 3f8a 3c71 1 1 1 1 1 0 1 1 0 0 0 0 
1 3aa3 45 0 0ac8 09 1 3aa7 13 1 3b7e da 1 329a a1 1 3103 29 1 3820 76 1 38dc bb 1 0 0 0 0 0000 0000 0000 0000 0000 0000 0000 0000 1 1 1 1 1 0 1 1 1 0 0 0 
1 28b3 c6 1 3553 49 0 38df 96 0 3415 5f 1 39f9 e7 0 3a76 ad 1 3b3e b2 1 354f ba 1 0 0 0 0 0000 0000 0000 0000 0000 0000 0000 0000 1 1 1 1 1 0 1 1 0 0 0 0 
1 3adc 00 1 3826 48 0 3834 54 0 3997 5c 0 342c e5 0 30b8 6e 1 3b41 b3 0 3633 bd 0 1 0 0 0 0000 0000 0000 0000 0000 0000 0000 0000 1 1 1 1 1 0 1 1 0 1 1 1 
1 34c9 42 1 3924 89 0 34a0 92 1 2a43 1c 1 368b a6 1 3aab a8 0 34b4 72 1 38fb f8 0 0 1 5 3 31e3 406f 4091 3bb6 394a 3be9 3a53 412a 1 1 1 1 1 0 1 1 0 1 0 1 
1 3034 47 0 3502 c9 1 38dc 56 0 2dfe 1b 0 39c0 a3 0 3489 a8 1 3435 75 0 3739 fe 1 0 0 0 0 0000 0000 0000 0000 0000 0000 0000 0000 1 1 1 1 1 0 1 1 0 0 0 0 
1 3456 c4 1 3a10 08 1 36e3 d1 0 3441 5c 0 35c9 23 0 3bd8 68 1 3402 f4 1 2aa3 fa 1 1 0 0 0 0000 0000 0000 0000 0000 0000 0000 0000 1 1 1 1 1 0 1 1 1 1 0 0 
1 278b c1 1 3311 0c 1 3aa4 d7 0 36df 1e 1 38e6 a6 1 3a6d 2e 1 3326 b7 0 38d0 79 0 0 0 0 0 0000 0000 0000 0000 0000 0000 0000 0000 1 1 1 1 1 0 1 1 1 0 1 1 
1 381f 84 0 389f 88 0 292d 15 0 34d9 5e 1 3911 20 1 3067 a9 1 3824 b4 0 2d66 f8 0 0 0 0 0 0000 0000 0000 0000 0000 0000 0000 0000 1 1 1 1 1 0 1 1 0 1 0 0 
1 3626 44 1 3448 8f 0 3bb4 92 0 38a6 9f 1 3b9e 60 0 3924 af 0 283b 70 0 2fc8 7e 0 1 0 0 0 0000 0000 0000 0000 0000 0000 0000 0000 1 1 1 1 1 1 1 1 1 1 1 1 
1 361c 03 0 35dd 0d 1 38c2 17 1 3591 de 0 3bed 25 1 3b11 69 0 3aaf b1 0 3acd fa 1 0 0 0 0 0000 0000 0000 0000 0000 0000 0000 0000 1 1 1 1 1 1 1 1 1 0 0 0 
1 3b38 03 0 2f7c 4c 1 3913 55 0 3492 1e 1 3a4f 60 0 35e8 af 1 24ae f1 1 3b09 7c 0 0 0 0 0 0000 0000 0000 0000 0000 0000 0000 0000 1 1 1 1 1 1 1 1 1 1 1 0 
1 35f7 41 1 2e00 8d 1 39bf 13 1 39be 5b 0 3881 25 0 31c7 ab 1 387c f0 1 39df 7d 1 1 0 0 0 0000 0000 0000 0000 0000 0000 0000 0000 1 1 1 1 1 1 1 1 0 1 0 0 
1 357e c1 1 3810 0d 0 3b96 56 1 3913 98 0 2f4b a0 1 1e60 6b 1 361e 35 1 3b05 3b 1 1 0 0 0 0000 0000 0000 0000 0000 0000 0000 0000 1 1 1 1 1 1 1 1 1 0 1 0 
1 343c 43 0 3b25 4f 0 3ae3 15 0 3852 d9 0 2540 25 1 3bf1 6c 1 38b5 73 0 386e 3a 0 1 0 0 0 0000 0000 0000 0000 0000 0000 0000 0000 1 1 1 1 1 1 1 1 0 0 1 0 
1 2d7c 44 0 3aa5 cb 1 39e1 d1 0 328c 9d 1 3720 24 1 36e0 ad 1 3847 74 1 3956 3d 1 0 1 6 0 3a20 0000 3d18 378e 360f 3a4b 3d78 3e1c 1 1 1 1 1 1 1 1 0 0 1 0 
1 3838 87 0 349b 49 0 3bd0 97 0 3a19 5f 0 3640 a4 1 38a2 68 1 31d7 b7 1 39aa f9 0 0 0 0 0 0000 0000 0000 0000 0000 0000 0000 0000 1 1 1 1 1 1 0 1 0 0 0 0 
1 34fa 02 1 3413 49 1 3760 d5 0 3599 dd 1 3495 23 1 3990 aa 1 335c 73 1 1f9e 3f 0 1 0 0 0 0000 0000 0000 0000 0000 0000 0000 0000 1 1 1 1 1 1 0 1 0 0 1 0 
1 3235 44 0 389a cc 1 3008 53 1 390e 5c 0 36dc 67 1 3845 6a 0 3976 f0 0 395b b9 0 0 1 6 1 3c98 3c32 39b2 3666 3e63 3fdf 411e 3d25 1 1 1 1 1 1 0 1 1 0 1 1 
1 395c 81 1 33c7 08 1 375a 90 0 3ab4 da 0 3afc a2 1 34fc ee 0 3857 71 1 3104 ff 1 1 0 0 0 0000 0000 0000 0000 0000 0000 0000 0000 1 1 1 1 1 1 0 1 0 0 1 1 
1 38fa 44 1 38a5 8e 0 3251 10 0 38cf de 0 3655 20 1 3937 6a 0 3b43 b1 1 39ab 3c 1 0 1 6 2 3d99 3ece 4047 3fa4 3b8c 4289 3ad9 3e2f 1 1 1 1 1 1 0 1 1 0 1 1 
1 3b0b 86 1 3a16 8d 1 350a 16 1 3966 5a 0 3b76 a3 1 39f1 aa 0 39ec b5 1 3a7f 3b 0 0 0 0 0 0000 0000 0000 0000 0000 0000 0000 0000 1 1 1 1 1 1 0 1 0 0 1 1 
1 3451 84 0 2ff1 4b 1 373b d1 0 3412 5b 1 3b49 a3 1 35db 6e 0 3a60 f2 0 32ca b9 1 1 0 0 0 0000 0000 0000 0000 0000 0000 0000 0000 1 1 1 1 1 1 0 1 0 0 1 0 
1 38ad 05 1 2ce9 0a 1 3993 d0 0 30de 19 1 3490 e0 0 3a13 eb 0 390a 70 0 3820 3d 0 1 1 6 3 423e 3996 3f0c 3f22 406d 0000 0000 3a23 1 1 1 1 1 1 0 1 1 1 1 0 
