IssDelta[0] IssIdx[0] IssValid[0] IssReady[0] IssDelta[1] IssIdx[1] IssValid[1] IssReady[1] IssDelta[2] IssIdx[2] IssValid[2] IssReady[2] IssDelta[3] IssIdx[3] IssValid[3] IssReady[3] PEDelta[0] PEIdx[0] PEValid[0] PEReady[0] PEDelta[1] PEIdx[1] PEValid[1] PEReady[1] PEDelta[2] PEIdx[2] PEValid[2] PEReady[2] PEDelta[3] PEIdx[3] PEValid[3] PEReady[3] 
0000 00 0 0 0000 00 0 0 0000 00 0 0 0000 00 0 0 0000 00 0 1 0000 00 0 1 0000 00 0 1 0000 00 0 1 
0000 00 0 0 0000 00 0 0 0000 00 0 0 0000 00 0 0 0000 00 0 1 0000 00 0 1 0000 00 0 1 0000 00 0 1 
0000 00 0 0 0000 00 0 0 0000 00 0 0 0000 00 0 0 0000 00 0 1 0000 00 0 1 0000 00 0 1 0000 00 0 1 
0000 00 0 0 0000 00 0 0 0000 00 0 0 0000 00 0 0 0000 00 0 1 0000 00 0 1 0000 00 0 1 0000 00 0 1 
3ac1 70 1 0 3ac7 71 1 0 392b 72 1 0 34c3 73 1 0 0000 00 0 1 0000 00 0 1 0000 00 0 1 0000 00 0 1 
3ac1 70 1 1 3ac7 71 1 1 392b 72 1 1 34c3 73 1 1 0000 00 0 1 0000 00 0 1 0000 00 0 1 0000 00 0 1 
3bb6 74 1 0 3a7f 76 1 0 3649 77 1 0 0000 00 0 0 0000 00 0 1 0000 00 0 1 0000 00 0 1 0000 00 0 1 
3bb6 74 1 0 3a7f 76 1 0 3649 77 1 0 2d94 00 1 0 3ac1 70 1 1 3ac7 71 1 1 392b 72 1 1 34c3 73 1 1 
3bb6 74 1 0 3a7f 76 1 0 3649 77 1 0 2d94 00 1 0 0000 00 0 0 0000 00 0 0 0000 00 0 0 0000 00 0 0 
3bb6 74 1 0 3a7f 76 1 0 3649 77 1 0 2d94 00 1 0 0000 00 0 0 0000 00 0 0 0000 00 0 0 0000 00 0 0 
3bb6 74 1 0 3a7f 76 1 0 3649 77 1 0 2d94 00 1 0 0000 00 0 0 0000 00 0 0 0000 00 0 0 0000 00 0 0 
3bb6 74 1 0 3a7f 76 1 0 3649 77 1 0 2d94 00 1 0 0000 00 0 1 0000 00 0 1 0000 00 0 1 0000 00 0 0 
3bb6 74 1 0 3a7f 76 1 0 3649 77 1 0 2d94 00 1 0 0000 00 0 1 0000 00 0 1 0000 00 0 1 0000 00 0 0 
3bb6 74 1 1 3a7f 76 1 1 3649 77 1 1 2d94 00 1 0 0000 00 0 1 0000 00 0 1 0000 00 0 1 0000 00 0 1 
2d94 00 1 0 35e4 01 1 0 3a3a 02 1 0 3a65 05 1 0 0000 00 0 1 0000 00 0 1 0000 00 0 1 0000 00 0 1 
2d94 00 1 1 35e4 01 1 0 3a3a 02 1 0 3a65 05 1 0 3bb6 74 1 1 3a7f 76 1 1 3649 77 1 1 0000 00 0 1 
35e4 01 1 0 3a3a 02 1 0 3a65 05 1 0 382a 06 1 0 0000 00 0 0 0000 00 0 0 0000 00 0 0 0000 00 0 1 
35e4 01 1 0 3a3a 02 1 0 3a65 05 1 0 382a 06 1 0 0000 00 0 0 0000 00 0 0 0000 00 0 0 2d94 00 1 1 
35e4 01 1 0 3a3a 02 1 0 3a65 05 1 0 382a 06 1 0 0000 00 0 0 0000 00 0 0 0000 00 0 0 0000 00 0 0 
35e4 01 1 0 3a3a 02 1 0 3a65 05 1 0 382a 06 1 0 0000 00 0 0 0000 00 0 1 0000 00 0 0 0000 00 0 0 
35e4 01 1 0 3a3a 02 1 0 3a65 05 1 0 382a 06 1 0 0000 00 0 1 0000 00 0 1 0000 00 0 0 0000 00 0 0 
35e4 01 1 1 3a3a 02 1 0 3a65 05 1 0 382a 06 1 0 0000 00 0 1 0000 00 0 1 0000 00 0 1 0000 00 0 0 
3a3a 02 1 0 3a65 05 1 0 382a 06 1 0 2f92 07 1 0 0000 00 0 1 0000 00 0 1 0000 00 0 1 0000 00 0 0 
3a3a 02 1 1 3a65 05 1 1 382a 06 1 0 2f92 07 1 0 0000 00 0 1 35e4 01 1 1 0000 00 0 1 0000 00 0 1 
382a 06 1 0 2f92 07 1 0 384d 88 1 0 3794 8a 1 0 0000 00 0 1 0000 00 0 0 0000 00 0 1 0000 00 0 1 
382a 06 1 1 2f92 07 1 0 384d 88 1 0 3794 8a 1 0 3a3a 02 1 1 0000 00 0 0 3a65 05 1 1 0000 00 0 1 
2f92 07 1 0 384d 88 1 0 3794 8a 1 0 32ee 8c 1 0 0000 00 0 0 0000 00 0 0 0000 00 0 0 0000 00 0 1 
2f92 07 1 0 384d 88 1 0 3794 8a 1 0 32ee 8c 1 0 0000 00 0 0 0000 00 0 0 0000 00 0 0 382a 06 1 1 
2f92 07 1 0 384d 88 1 0 3794 8a 1 0 32ee 8c 1 0 0000 00 0 0 0000 00 0 1 0000 00 0 0 0000 00 0 0 
2f92 07 1 0 384d 88 1 0 3794 8a 1 0 32ee 8c 1 0 0000 00 0 1 0000 00 0 1 0000 00 0 0 0000 00 0 0 
2f92 07 1 1 384d 88 1 0 3794 8a 1 0 32ee 8c 1 0 0000 00 0 1 0000 00 0 1 0000 00 0 0 0000 00 0 0 
384d 88 1 0 3794 8a 1 0 32ee 8c 1 0 38f1 8f 1 0 0000 00 0 1 0000 00 0 1 0000 00 0 0 0000 00 0 1 
384d 88 1 1 3794 8a 1 0 32ee 8c 1 0 38f1 8f 1 0 0000 00 0 1 2f92 07 1 1 0000 00 0 1 0000 00 0 1 
3794 8a 1 0 32ee 8c 1 0 38f1 8f 1 0 3b38 d8 1 0 0000 00 0 1 0000 00 0 0 0000 00 0 1 0000 00 0 1 
3794 8a 1 1 32ee 8c 1 1 38f1 8f 1 0 3b38 d8 1 0 384d 88 1 1 0000 00 0 0 0000 00 0 1 0000 00 0 1 
38f1 8f 1 0 3b38 d8 1 0 2bb5 d9 1 0 393a da 1 0 0000 00 0 0 0000 00 0 0 0000 00 0 1 0000 00 0 1 
38f1 8f 1 0 3b38 d8 1 0 2bb5 d9 1 0 393a da 1 0 0000 00 0 0 0000 00 0 1 32ee 8c 1 1 3794 8a 1 1 
38f1 8f 1 0 3b38 d8 1 0 2bb5 d9 1 0 393a da 1 0 0000 00 0 0 0000 00 0 1 0000 00 0 0 0000 00 0 0 
38f1 8f 1 1 3b38 d8 1 0 2bb5 d9 1 0 393a da 1 0 0000 00 0 0 0000 00 0 1 0000 00 0 0 0000 00 0 0 
3b38 d8 1 0 2bb5 d9 1 0 393a da 1 0 35d2 dd 1 0 0000 00 0 1 0000 00 0 1 0000 00 0 0 0000 00 0 0 
3b38 d8 1 0 2bb5 d9 1 0 393a da 1 0 35d2 dd 1 0 0000 00 0 1 38f1 8f 1 1 0000 00 0 1 0000 00 0 1 
3b38 d8 1 1 2bb5 d9 1 0 393a da 1 0 35d2 dd 1 0 0000 00 0 1 0000 00 0 0 0000 00 0 1 0000 00 0 1 
2bb5 d9 1 0 393a da 1 0 35d2 dd 1 0 28eb de 1 0 0000 00 0 1 0000 00 0 0 0000 00 0 1 0000 00 0 1 
2bb5 d9 1 1 393a da 1 1 35d2 dd 1 0 28eb de 1 0 3b38 d8 1 1 0000 00 0 0 0000 00 0 1 0000 00 0 1 
35d2 dd 1 0 28eb de 1 0 3bac df 1 0 3568 08 1 0 0000 00 0 0 0000 00 0 0 0000 00 0 1 0000 00 0 1 
35d2 dd 1 0 28eb de 1 0 3bac df 1 0 3568 08 1 0 0000 00 0 0 0000 00 0 1 2bb5 d9 1 1 393a da 1 1 
35d2 dd 1 0 28eb de 1 0 3bac df 1 0 3568 08 1 0 0000 00 0 0 0000 00 0 1 0000 00 0 0 0000 00 0 0 
35d2 dd 1 1 28eb de 1 0 3bac df 1 0 3568 08 1 0 0000 00 0 0 0000 00 0 1 0000 00 0 0 0000 00 0 0 
28eb de 1 0 3bac df 1 0 3568 08 1 0 3940 09 1 0 0000 00 0 1 0000 00 0 1 0000 00 0 0 0000 00 0 0 
28eb de 1 0 3bac df 1 0 3568 08 1 0 3940 09 1 0 0000 00 0 1 35d2 dd 1 1 0000 00 0 0 0000 00 0 0 
28eb de 1 1 3bac df 1 0 3568 08 1 0 3940 09 1 0 0000 00 0 1 0000 00 0 0 0000 00 0 0 0000 00 0 1 
3bac df 1 0 3568 08 1 0 3940 09 1 0 324a 0b 1 0 0000 00 0 1 0000 00 0 0 0000 00 0 0 0000 00 0 1 
3bac df 1 1 3568 08 1 0 3940 09 1 0 324a 0b 1 0 28eb de 1 1 0000 00 0 0 0000 00 0 1 0000 00 0 1 
3568 08 1 0 3940 09 1 0 324a 0b 1 0 22f3 0d 1 0 0000 00 0 0 0000 00 0 0 0000 00 0 1 0000 00 0 1 
3568 08 1 1 3940 09 1 0 324a 0b 1 0 22f3 0d 1 0 0000 00 0 0 0000 00 0 0 0000 00 0 1 3bac df 1 1 
3940 09 1 0 324a 0b 1 0 22f3 0d 1 0 3516 d1 1 0 0000 00 0 0 0000 00 0 1 0000 00 0 1 0000 00 0 0 
3940 09 1 0 324a 0b 1 0 22f3 0d 1 0 3516 d1 1 0 0000 00 0 0 0000 00 0 1 3568 08 1 1 0000 00 0 0 
3940 09 1 1 324a 0b 1 0 22f3 0d 1 0 3516 d1 1 0 0000 00 0 1 0000 00 0 1 0000 00 0 0 0000 00 0 0 
324a 0b 1 0 22f3 0d 1 0 3516 d1 1 0 3b59 d2 1 0 0000 00 0 1 0000 00 0 1 0000 00 0 0 0000 00 0 0 
324a 0b 1 1 22f3 0d 1 0 3516 d1 1 0 3b59 d2 1 0 0000 00 0 1 3940 09 1 1 0000 00 0 0 0000 00 0 1 
22f3 0d 1 0 3516 d1 1 0 3b59 d2 1 0 398a d3 1 0 0000 00 0 1 0000 00 0 0 0000 00 0 1 0000 00 0 1 
22f3 0d 1 1 3516 d1 1 0 3b59 d2 1 0 398a d3 1 0 324a 0b 1 1 0000 00 0 0 0000 00 0 1 0000 00 0 1 
3516 d1 1 0 3b59 d2 1 0 398a d3 1 0 3aec d4 1 0 0000 00 0 0 0000 00 0 0 0000 00 0 1 0000 00 0 1 
3516 d1 1 1 3b59 d2 1 0 398a d3 1 0 3aec d4 1 0 0000 00 0 0 0000 00 0 0 0000 00 0 1 22f3 0d 1 1 
3b59 d2 1 0 398a d3 1 0 3aec d4 1 0 3b5f d6 1 0 0000 00 0 0 0000 00 0 0 0000 00 0 1 0000 00 0 0 
3b59 d2 1 0 398a d3 1 0 3aec d4 1 0 3b5f d6 1 0 0000 00 0 0 0000 00 0 1 3516 d1 1 1 0000 00 0 0 
3b59 d2 1 0 398a d3 1 0 3aec d4 1 0 3b5f d6 1 0 0000 00 0 1 0000 00 0 1 0000 00 0 0 0000 00 0 0 
3b59 d2 1 1 398a d3 1 0 3aec d4 1 0 3b5f d6 1 0 0000 00 0 1 0000 00 0 1 0000 00 0 0 0000 00 0 1 
398a d3 1 0 3aec d4 1 0 3b5f d6 1 0 3b6f d7 1 0 0000 00 0 1 0000 00 0 1 0000 00 0 0 0000 00 0 1 
398a d3 1 1 3aec d4 1 1 3b5f d6 1 0 3b6f d7 1 0 0000 00 0 1 3b59 d2 1 1 0000 00 0 0 0000 00 0 1 
3b5f d6 1 0 3b6f d7 1 0 39a1 d1 1 0 3a0d d3 1 0 0000 00 0 1 0000 00 0 0 0000 00 0 1 0000 00 0 1 
3b5f d6 1 0 3b6f d7 1 0 39a1 d1 1 0 3a0d d3 1 0 398a d3 1 1 0000 00 0 0 0000 00 0 1 3aec d4 1 1 
3b5f d6 1 1 3b6f d7 1 0 39a1 d1 1 0 3a0d d3 1 0 0000 00 0 0 0000 00 0 0 0000 00 0 1 0000 00 0 0 
3b6f d7 1 0 39a1 d1 1 0 3a0d d3 1 0 3b2b d4 1 0 0000 00 0 0 0000 00 0 0 0000 00 0 1 0000 00 0 0 
3b6f d7 1 0 39a1 d1 1 0 3a0d d3 1 0 3b2b d4 1 0 0000 00 0 0 0000 00 0 0 3b5f d6 1 1 0000 00 0 0 
3b6f d7 1 0 39a1 d1 1 0 3a0d d3 1 0 3b2b d4 1 0 0000 00 0 0 0000 00 0 1 0000 00 0 0 0000 00 0 0 
3b6f d7 1 0 39a1 d1 1 0 3a0d d3 1 0 3b2b d4 1 0 0000 00 0 1 0000 00 0 1 0000 00 0 0 0000 00 0 1 
3b6f d7 1 1 39a1 d1 1 0 3a0d d3 1 0 3b2b d4 1 0 0000 00 0 1 0000 00 0 1 0000 00 0 0 0000 00 0 1 
39a1 d1 1 0 3a0d d3 1 0 3b2b d4 1 0 3323 d5 1 0 0000 00 0 1 0000 00 0 1 0000 00 0 1 0000 00 0 1 
39a1 d1 1 1 3a0d d3 1 1 3b2b d4 1 0 3323 d5 1 0 0000 00 0 1 3b6f d7 1 1 0000 00 0 1 0000 00 0 1 
3b2b d4 1 0 3323 d5 1 0 3bd4 d7 1 0 36c8 78 1 0 0000 00 0 1 0000 00 0 0 0000 00 0 1 0000 00 0 1 
3b2b d4 1 1 3323 d5 1 0 3bd4 d7 1 0 36c8 78 1 0 39a1 d1 1 1 0000 00 0 0 0000 00 0 1 3a0d d3 1 1 
3323 d5 1 0 3bd4 d7 1 0 36c8 78 1 0 3786 79 1 0 0000 00 0 0 0000 00 0 0 0000 00 0 1 0000 00 0 0 
3323 d5 1 0 3bd4 d7 1 0 36c8 78 1 0 3786 79 1 0 0000 00 0 0 0000 00 0 0 3b2b d4 1 1 0000 00 0 0 
3323 d5 1 0 3bd4 d7 1 0 36c8 78 1 0 3786 79 1 0 0000 00 0 0 0000 00 0 1 0000 00 0 0 0000 00 0 0 
3323 d5 1 0 3bd4 d7 1 0 36c8 78 1 0 3786 79 1 0 0000 00 0 0 0000 00 0 1 0000 00 0 0 0000 00 0 0 
3323 d5 1 1 3bd4 d7 1 0 36c8 78 1 0 3786 79 1 0 0000 00 0 1 0000 00 0 1 0000 00 0 0 0000 00 0 0 
3bd4 d7 1 0 36c8 78 1 0 3786 79 1 0 34a4 7a 1 0 0000 00 0 1 0000 00 0 1 0000 00 0 0 0000 00 0 1 
3bd4 d7 1 1 36c8 78 1 0 3786 79 1 0 34a4 7a 1 0 0000 00 0 1 3323 d5 1 1 0000 00 0 0 0000 00 0 1 
36c8 78 1 0 3786 79 1 0 34a4 7a 1 0 36dc 7b 1 0 0000 00 0 1 0000 00 0 0 0000 00 0 1 0000 00 0 1 
36c8 78 1 1 3786 79 1 0 34a4 7a 1 0 36dc 7b 1 0 3bd4 d7 1 1 0000 00 0 0 0000 00 0 1 0000 00 0 1 
3786 79 1 0 34a4 7a 1 0 36dc 7b 1 0 2e95 7c 1 0 0000 00 0 0 0000 00 0 0 0000 00 0 1 0000 00 0 1 
3786 79 1 1 34a4 7a 1 0 36dc 7b 1 0 2e95 7c 1 0 0000 00 0 0 0000 00 0 1 0000 00 0 1 36c8 78 1 1 
34a4 7a 1 0 36dc 7b 1 0 2e95 7c 1 0 388f 7d 1 0 0000 00 0 0 0000 00 0 1 0000 00 0 1 0000 00 0 0 
34a4 7a 1 1 36dc 7b 1 0 2e95 7c 1 0 388f 7d 1 0 0000 00 0 0 0000 00 0 1 3786 79 1 1 0000 00 0 0 
36dc 7b 1 0 2e95 7c 1 0 388f 7d 1 0 386a 7e 1 0 0000 00 0 1 0000 00 0 1 0000 00 0 0 0000 00 0 0 
36dc 7b 1 0 2e95 7c 1 0 388f 7d 1 0 386a 7e 1 0 0000 00 0 1 34a4 7a 1 1 0000 00 0 0 0000 00 0 0 
36dc 7b 1 1 2e95 7c 1 0 388f 7d 1 0 386a 7e 1 0 0000 00 0 1 0000 00 0 0 0000 00 0 0 0000 00 0 1 
2e95 7c 1 0 388f 7d 1 0 386a 7e 1 0 393a 7f 1 0 0000 00 0 1 0000 00 0 0 0000 00 0 0 0000 00 0 1 
2e95 7c 1 1 388f 7d 1 0 386a 7e 1 0 393a 7f 1 0 36dc 7b 1 1 0000 00 0 0 0000 00 0 0 0000 00 0 1 
388f 7d 1 0 386a 7e 1 0 393a 7f 1 0 3157 90 1 0 0000 00 0 0 0000 00 0 0 0000 00 0 1 0000 00 0 1 
388f 7d 1 0 386a 7e 1 0 393a 7f 1 0 3157 90 1 0 0000 00 0 0 0000 00 0 1 0000 00 0 1 2e95 7c 1 1 
388f 7d 1 1 386a 7e 1 0 393a 7f 1 0 3157 90 1 0 0000 00 0 0 0000 00 0 1 0000 00 0 1 0000 00 0 0 
386a 7e 1 0 393a 7f 1 0 3157 90 1 0 3ac9 91 1 0 0000 00 0 0 0000 00 0 1 0000 00 0 1 0000 00 0 0 
386a 7e 1 1 393a 7f 1 0 3157 90 1 0 3ac9 91 1 0 0000 00 0 0 0000 00 0 1 388f 7d 1 1 0000 00 0 0 
393a 7f 1 0 3157 90 1 0 3ac9 91 1 0 3695 92 1 0 0000 00 0 1 0000 00 0 1 0000 00 0 0 0000 00 0 1 
393a 7f 1 0 3157 90 1 0 3ac9 91 1 0 3695 92 1 0 0000 00 0 1 386a 7e 1 1 0000 00 0 0 0000 00 0 1 
393a 7f 1 1 3157 90 1 1 3ac9 91 1 0 3695 92 1 0 0000 00 0 1 0000 00 0 0 0000 00 0 0 0000 00 0 1 
3ac9 91 1 0 3695 92 1 0 3684 93 1 0 3bdc 94 1 0 0000 00 0 1 0000 00 0 0 0000 00 0 1 0000 00 0 1 
3ac9 91 1 0 3695 92 1 0 3684 93 1 0 3bdc 94 1 0 393a 7f 1 1 0000 00 0 0 0000 00 0 1 3157 90 1 1 
3ac9 91 1 1 3695 92 1 0 3684 93 1 0 3bdc 94 1 0 0000 00 0 0 0000 00 0 0 0000 00 0 1 0000 00 0 0 
3695 92 1 0 3684 93 1 0 3bdc 94 1 0 3742 95 1 0 0000 00 0 0 0000 00 0 0 0000 00 0 1 0000 00 0 0 
3695 92 1 0 3684 93 1 0 3bdc 94 1 0 3742 95 1 0 0000 00 0 0 0000 00 0 0 3ac9 91 1 1 0000 00 0 0 
3695 92 1 0 3684 93 1 0 3bdc 94 1 0 3742 95 1 0 0000 00 0 0 0000 00 0 1 0000 00 0 0 0000 00 0 0 
3695 92 1 0 3684 93 1 0 3bdc 94 1 0 3742 95 1 0 0000 00 0 0 0000 00 0 1 0000 00 0 0 0000 00 0 0 
3695 92 1 1 3684 93 1 0 3bdc 94 1 0 3742 95 1 0 0000 00 0 1 0000 00 0 1 0000 00 0 0 0000 00 0 0 
3684 93 1 0 3bdc 94 1 0 3742 95 1 0 3bce 97 1 0 0000 00 0 1 0000 00 0 1 0000 00 0 0 0000 00 0 1 
3684 93 1 1 3bdc 94 1 0 3742 95 1 0 3bce 97 1 0 0000 00 0 1 3695 92 1 1 0000 00 0 1 0000 00 0 1 
3bdc 94 1 0 3742 95 1 0 3bce 97 1 0 3aff 21 1 0 0000 00 0 1 0000 00 0 0 0000 00 0 1 0000 00 0 1 
3bdc 94 1 1 3742 95 1 1 3bce 97 1 0 3aff 21 1 0 3684 93 1 1 0000 00 0 0 0000 00 0 1 0000 00 0 1 
3bce 97 1 0 3aff 21 1 0 38c6 23 1 0 38f9 26 1 0 0000 00 0 0 0000 00 0 0 0000 00 0 1 0000 00 0 1 
3bce 97 1 0 3aff 21 1 0 38c6 23 1 0 38f9 26 1 0 0000 00 0 0 0000 00 0 0 3742 95 1 1 3bdc 94 1 1 
3bce 97 1 0 3aff 21 1 0 38c6 23 1 0 38f9 26 1 0 0000 00 0 0 0000 00 0 1 0000 00 0 0 0000 00 0 0 
3bce 97 1 0 3aff 21 1 0 38c6 23 1 0 38f9 26 1 0 0000 00 0 0 0000 00 0 1 0000 00 0 0 0000 00 0 0 
3bce 97 1 1 3aff 21 1 0 38c6 23 1 0 38f9 26 1 0 0000 00 0 0 0000 00 0 1 0000 00 0 0 0000 00 0 0 
3aff 21 1 0 38c6 23 1 0 38f9 26 1 0 3998 27 1 0 0000 00 0 1 0000 00 0 1 0000 00 0 1 0000 00 0 1 
3aff 21 1 0 38c6 23 1 0 38f9 26 1 0 3998 27 1 0 0000 00 0 1 3bce 97 1 1 0000 00 0 1 0000 00 0 1 
3aff 21 1 1 38c6 23 1 1 38f9 26 1 1 3998 27 1 0 0000 00 0 1 0000 00 0 0 0000 00 0 1 0000 00 0 1 
3998 27 1 0 31bf 90 1 0 39f3 91 1 0 38db 94 1 0 0000 00 0 1 0000 00 0 0 0000 00 0 1 0000 00 0 1 
3998 27 1 0 31bf 90 1 0 39f3 91 1 0 38db 94 1 0 3aff 21 1 1 0000 00 0 0 38c6 23 1 1 38f9 26 1 1 
3998 27 1 0 31bf 90 1 0 39f3 91 1 0 38db 94 1 0 0000 00 0 0 0000 00 0 0 0000 00 0 0 0000 00 0 0 
3998 27 1 0 31bf 90 1 0 39f3 91 1 0 38db 94 1 0 0000 00 0 0 0000 00 0 1 0000 00 0 0 0000 00 0 0 
3998 27 1 0 31bf 90 1 0 39f3 91 1 0 38db 94 1 0 0000 00 0 0 0000 00 0 1 0000 00 0 0 0000 00 0 0 
3998 27 1 1 31bf 90 1 0 39f3 91 1 0 38db 94 1 0 0000 00 0 0 0000 00 0 1 0000 00 0 1 0000 00 0 0 
31bf 90 1 0 39f3 91 1 0 38db 94 1 0 3783 96 1 0 0000 00 0 1 0000 00 0 1 0000 00 0 1 0000 00 0 0 
31bf 90 1 1 39f3 91 1 0 38db 94 1 0 3783 96 1 0 0000 00 0 1 3998 27 1 1 0000 00 0 1 0000 00 0 1 
39f3 91 1 0 38db 94 1 0 3783 96 1 0 394e 97 1 0 0000 00 0 1 0000 00 0 0 0000 00 0 1 0000 00 0 1 
39f3 91 1 1 38db 94 1 1 3783 96 1 0 394e 97 1 0 0000 00 0 1 0000 00 0 0 31bf 90 1 1 0000 00 0 1 
3783 96 1 0 394e 97 1 0 3505 b1 1 0 378c b3 1 0 0000 00 0 1 0000 00 0 0 0000 00 0 0 0000 00 0 1 
3783 96 1 0 394e 97 1 0 3505 b1 1 0 378c b3 1 0 39f3 91 1 1 0000 00 0 1 0000 00 0 0 38db 94 1 1 
3783 96 1 0 394e 97 1 0 3505 b1 1 0 378c b3 1 0 0000 00 0 0 0000 00 0 1 0000 00 0 0 0000 00 0 0 
3783 96 1 1 394e 97 1 0 3505 b1 1 0 378c b3 1 0 0000 00 0 0 0000 00 0 1 0000 00 0 1 0000 00 0 0 
394e 97 1 0 3505 b1 1 0 378c b3 1 0 30eb b4 1 0 0000 00 0 0 0000 00 0 1 0000 00 0 1 0000 00 0 0 
394e 97 1 1 3505 b1 1 0 378c b3 1 0 30eb b4 1 0 0000 00 0 1 3783 96 1 1 0000 00 0 1 0000 00 0 0 
3505 b1 1 0 378c b3 1 0 30eb b4 1 0 376b b5 1 0 0000 00 0 1 0000 00 0 0 0000 00 0 1 0000 00 0 1 
3505 b1 1 1 378c b3 1 0 30eb b4 1 0 376b b5 1 0 0000 00 0 1 0000 00 0 0 394e 97 1 1 0000 00 0 1 
378c b3 1 0 30eb b4 1 0 376b b5 1 0 3a76 b6 1 0 0000 00 0 1 0000 00 0 0 0000 00 0 0 0000 00 0 1 
378c b3 1 1 30eb b4 1 0 376b b5 1 0 3a76 b6 1 0 3505 b1 1 1 0000 00 0 0 0000 00 0 0 0000 00 0 1 
30eb b4 1 0 376b b5 1 0 3a76 b6 1 0 2f86 b7 1 0 0000 00 0 0 0000 00 0 0 0000 00 0 0 0000 00 0 1 
30eb b4 1 0 376b b5 1 0 3a76 b6 1 0 2f86 b7 1 0 0000 00 0 0 0000 00 0 0 0000 00 0 0 378c b3 1 1 
30eb b4 1 0 376b b5 1 0 3a76 b6 1 0 2f86 b7 1 0 0000 00 0 0 0000 00 0 1 0000 00 0 1 0000 00 0 0 
30eb b4 1 0 376b b5 1 0 3a76 b6 1 0 2f86 b7 1 0 0000 00 0 0 0000 00 0 1 0000 00 0 1 0000 00 0 0 
30eb b4 1 1 376b b5 1 1 3a76 b6 1 0 2f86 b7 1 0 0000 00 0 1 0000 00 0 1 0000 00 0 1 0000 00 0 0 
3a76 b6 1 0 2f86 b7 1 0 2ded 30 1 0 39fe 31 1 0 0000 00 0 1 0000 00 0 1 0000 00 0 1 0000 00 0 1 
3a76 b6 1 1 2f86 b7 1 0 2ded 30 1 0 39fe 31 1 0 0000 00 0 1 30eb b4 1 1 376b b5 1 1 0000 00 0 1 
2f86 b7 1 0 2ded 30 1 0 39fe 31 1 0 34ad 33 1 0 0000 00 0 1 0000 00 0 0 0000 00 0 0 0000 00 0 1 
2f86 b7 1 1 2ded 30 1 0 39fe 31 1 0 34ad 33 1 0 3a76 b6 1 1 0000 00 0 0 0000 00 0 0 0000 00 0 1 
2ded 30 1 0 39fe 31 1 0 34ad 33 1 0 2e6b 34 1 0 0000 00 0 0 0000 00 0 0 0000 00 0 0 0000 00 0 1 
2ded 30 1 0 39fe 31 1 0 34ad 33 1 0 2e6b 34 1 0 0000 00 0 0 0000 00 0 0 0000 00 0 0 2f86 b7 1 1 
2ded 30 1 0 39fe 31 1 0 34ad 33 1 0 2e6b 34 1 0 0000 00 0 0 0000 00 0 0 0000 00 0 1 0000 00 0 0 
2ded 30 1 0 39fe 31 1 0 34ad 33 1 0 2e6b 34 1 0 0000 00 0 1 0000 00 0 0 0000 00 0 1 0000 00 0 0 
2ded 30 1 1 39fe 31 1 0 34ad 33 1 0 2e6b 34 1 0 0000 00 0 1 0000 00 0 1 0000 00 0 1 0000 00 0 0 
39fe 31 1 0 34ad 33 1 0 2e6b 34 1 0 3872 35 1 0 0000 00 0 1 0000 00 0 1 0000 00 0 1 0000 00 0 0 
39fe 31 1 1 34ad 33 1 1 2e6b 34 1 0 3872 35 1 0 0000 00 0 1 0000 00 0 1 2ded 30 1 1 0000 00 0 0 
2e6b 34 1 0 3872 35 1 0 395c 36 1 0 3be0 37 1 0 0000 00 0 1 0000 00 0 1 0000 00 0 0 0000 00 0 0 
2e6b 34 1 0 3872 35 1 0 395c 36 1 0 3be0 37 1 0 39fe 31 1 1 34ad 33 1 1 0000 00 0 0 0000 00 0 1 
2e6b 34 1 0 3872 35 1 0 395c 36 1 0 3be0 37 1 0 0000 00 0 0 0000 00 0 0 0000 00 0 0 0000 00 0 1 
2e6b 34 1 1 3872 35 1 0 395c 36 1 0 3be0 37 1 0 0000 00 0 0 0000 00 0 0 0000 00 0 1 0000 00 0 1 
3872 35 1 0 395c 36 1 0 3be0 37 1 0 3b88 c8 1 0 0000 00 0 0 0000 00 0 0 0000 00 0 1 0000 00 0 1 
3872 35 1 1 395c 36 1 0 3be0 37 1 0 3b88 c8 1 0 0000 00 0 0 0000 00 0 1 0000 00 0 1 2e6b 34 1 1 
395c 36 1 0 3be0 37 1 0 3b88 c8 1 0 37c7 c9 1 0 0000 00 0 0 0000 00 0 1 0000 00 0 1 0000 00 0 0 
395c 36 1 1 3be0 37 1 0 3b88 c8 1 0 37c7 c9 1 0 0000 00 0 1 0000 00 0 1 3872 35 1 1 0000 00 0 0 
3be0 37 1 0 3b88 c8 1 0 37c7 c9 1 0 3aff ca 1 0 0000 00 0 1 0000 00 0 1 0000 00 0 0 0000 00 0 0 
3be0 37 1 1 3b88 c8 1 0 37c7 c9 1 0 3aff ca 1 0 0000 00 0 1 395c 36 1 1 0000 00 0 0 0000 00 0 1 
3b88 c8 1 0 37c7 c9 1 0 3aff ca 1 0 3ac2 cb 1 0 0000 00 0 1 0000 00 0 0 0000 00 0 0 0000 00 0 1 
3b88 c8 1 1 37c7 c9 1 0 3aff ca 1 0 3ac2 cb 1 0 3be0 37 1 1 0000 00 0 0 0000 00 0 0 0000 00 0 1 
37c7 c9 1 0 3aff ca 1 0 3ac2 cb 1 0 38f1 cc 1 0 0000 00 0 0 0000 00 0 0 0000 00 0 0 0000 00 0 1 
37c7 c9 1 0 3aff ca 1 0 3ac2 cb 1 0 38f1 cc 1 0 0000 00 0 0 0000 00 0 0 0000 00 0 1 3b88 c8 1 1 
37c7 c9 1 0 3aff ca 1 0 3ac2 cb 1 0 38f1 cc 1 0 0000 00 0 0 0000 00 0 0 0000 00 0 1 0000 00 0 0 
37c7 c9 1 1 3aff ca 1 0 3ac2 cb 1 0 38f1 cc 1 0 0000 00 0 1 0000 00 0 1 0000 00 0 1 0000 00 0 0 
3aff ca 1 0 3ac2 cb 1 0 38f1 cc 1 0 30be ce 1 0 0000 00 0 1 0000 00 0 1 0000 00 0 1 0000 00 0 0 
3aff ca 1 1 3ac2 cb 1 1 38f1 cc 1 0 30be ce 1 0 0000 00 0 1 0000 00 0 1 37c7 c9 1 1 0000 00 0 0 
38f1 cc 1 0 30be ce 1 0 3be1 cf 1 0 34d4 60 1 0 0000 00 0 1 0000 00 0 1 0000 00 0 0 0000 00 0 0 
38f1 cc 1 0 30be ce 1 0 3be1 cf 1 0 34d4 60 1 0 3aff ca 1 1 3ac2 cb 1 1 0000 00 0 0 0000 00 0 1 
38f1 cc 1 0 30be ce 1 0 3be1 cf 1 0 34d4 60 1 0 0000 00 0 0 0000 00 0 0 0000 00 0 0 0000 00 0 1 
38f1 cc 1 1 30be ce 1 0 3be1 cf 1 0 34d4 60 1 0 0000 00 0 0 0000 00 0 0 0000 00 0 0 0000 00 0 1 
30be ce 1 0 3be1 cf 1 0 34d4 60 1 0 3534 61 1 0 0000 00 0 0 0000 00 0 0 0000 00 0 1 0000 00 0 1 
30be ce 1 0 3be1 cf 1 0 34d4 60 1 0 3534 61 1 0 0000 00 0 1 0000 00 0 0 0000 00 0 1 38f1 cc 1 1 
30be ce 1 1 3be1 cf 1 0 34d4 60 1 0 3534 61 1 0 0000 00 0 1 0000 00 0 1 0000 00 0 1 0000 00 0 0 
3be1 cf 1 0 34d4 60 1 0 3534 61 1 0 30b4 66 1 0 0000 00 0 1 0000 00 0 1 0000 00 0 1 0000 00 0 0 
3be1 cf 1 1 34d4 60 1 1 3534 61 1 0 30b4 66 1 0 0000 00 0 1 0000 00 0 1 30be ce 1 1 0000 00 0 0 
3534 61 1 0 30b4 66 1 0 3489 10 1 0 3a9d 11 1 0 0000 00 0 1 0000 00 0 1 0000 00 0 0 0000 00 0 0 
3534 61 1 0 30b4 66 1 0 3489 10 1 0 3a9d 11 1 0 3be1 cf 1 1 34d4 60 1 1 0000 00 0 0 0000 00 0 0 
3534 61 1 0 30b4 66 1 0 3489 10 1 0 3a9d 11 1 0 0000 00 0 0 0000 00 0 0 0000 00 0 0 0000 00 0 1 
3534 61 1 0 30b4 66 1 0 3489 10 1 0 3a9d 11 1 0 0000 00 0 0 0000 00 0 0 0000 00 0 1 0000 00 0 1 
3534 61 1 1 30b4 66 1 0 3489 10 1 0 3a9d 11 1 0 0000 00 0 0 0000 00 0 0 0000 00 0 1 0000 00 0 1 
30b4 66 1 0 3489 10 1 0 3a9d 11 1 0 2b47 12 1 0 0000 00 0 0 0000 00 0 0 0000 00 0 1 0000 00 0 1 
30b4 66 1 1 3489 10 1 0 3a9d 11 1 0 2b47 12 1 0 0000 00 0 0 0000 00 0 1 0000 00 0 1 3534 61 1 1 
3489 10 1 0 3a9d 11 1 0 2b47 12 1 0 329c 13 1 0 0000 00 0 1 0000 00 0 1 0000 00 0 1 0000 00 0 0 
3489 10 1 1 3a9d 11 1 0 2b47 12 1 0 329c 13 1 0 0000 00 0 1 0000 00 0 1 30b4 66 1 1 0000 00 0 0 
